0 0.011250839386907381 0.9355608591885441 0.022501678773814763 0.10262529832935563
0 0.03204225454451972 0.025059665871121718 0.06408450908903944 0.050119331742243436
0 0.1814554011078188 0.030429594272076373 0.06841046277665996 0.060859188544152745
0 0.2559020811883017 0.9516706443914081 0.06706908115358817 0.09665871121718372
0 0.3256539255880334 0.9099045346062054 0.07243460764587528 0.12529832935560858
0 0.33906774181875105 0.7482100238663485 0.06036217303822933 0.11455847255369933
0 0.5707914172043983 0.961217183770883 0.07176391683433936 0.07756563245823389
0 0.7005700892365914 0.8758949880668259 0.06706908115358823 0.12410501193317425
0 0.8481220677744854 0.9337708830548925 0.06841046277665985 0.11813842482100234
0 0.9723507723178262 0.6951073985680192 0.05529845536434752 0.12291169451073991
0 0.9834171707081683 0.5328162291169452 0.03316565858366349 0.12291169451073986
0 0.9497317257221716 0.04892601431980907 0.05566733735747831 0.09307875894988067
0 0.8709255553667055 0.1724343675417661 0.0764587525150906 0.1276849642004773
0 0.7056002703231106 0.5405727923627685 0.07176391683433936 0.1360381861575179
0 0.6422199886329697 0.5334128878281623 0.057679409792085856 0.1121718377088306
0 0.5600603642198241 0.48985680190930786 0.06773977196512415 0.12529832935560858
0 0.6811200557020509 0.4170644391408115 0.0697518443997317 0.12052505966587107
0 0.6140509745484626 0.3054892601431981 0.06036217303822944 0.11694510739856803
0 0.34342723209373427 0.20107398568019091 0.06103286384976525 0.1205250596658711
0 0.26059691686905284 0.09069212410501193 0.07511737089201881 0.13126491646778043
0 0.04396378474296299 0.2595465393794749 0.06572769953051644 0.1205250596658711
0 0.22303823142304346 0.4301909307875895 0.06438631790744465 0.12291169451073986
0 0.33604963316683956 0.3490453460620525 0.06505700871898051 0.11336515513126488
0 0.46716968682210447 0.4266109785202864 0.10462776659959755 0.1825775656324582
