0 0.011586184792675322 0.948090692124105 0.023172369585350645 0.10381861575178997
0 0.28507713149011255 0.9045346062052506 0.06908115358819589 0.11933174224343679
0 0.025000001023392962 0.639618138424821 0.050000002046785924 0.13365155131264916
0 0.033718981573359424 0.15692124105011934 0.06743796314671885 0.1324582338902148
0 0.08923541452163503 0.40930787589498807 0.06773977196512408 0.1408114558472554
0 0.2830650590555049 0.2159904534606205 0.07578806170355465 0.14081145584725538
0 0.40714285918964305 0.15811455847255368 0.07712944332662641 0.13484486873508353
0 0.4088195862184828 0.5829355608591886 0.07243460764587523 0.12529832935560858
0 0.5248490966141903 0.4409307875894988 0.07243460764587523 0.1276849642004773
0 0.7569081174056056 0.8943914081145585 0.07377598926894702 0.13723150357995217
0 0.9322937646222387 0.9224343675417661 0.07042253521126762 0.1288782816229117
0 0.8491281039917893 0.6264916467780429 0.06908115358819589 0.1288782816229117
0 0.8340375607322319 0.28579952267303105 0.07109322602280355 0.13007159904534607
0 0.7170020141192206 0.22136038186157517 0.05835010060362167 0.1062052505966587
0 0.7136485600615412 0.08293556085918855 0.06237424547283699 0.11097852028639617
0 0.7361167022479931 0.366945107398568 0.0697518443997317 0.12291169451073986
