0 0.8343729061379999 0.10441527446300715 0.07981220657277 0.13245823389021477
0 0.8974178424223728 0.10023866348448687 0.07578806170355468 0.13365155131264916
0 0.9797283712447209 0.10381861575178998 0.040543257510558095 0.1288782816229117
0 0.9763749171870415 0.9069212410501193 0.047250165625916996 0.1312649164677805
0 0.9081488954069469 0.7374701670644391 0.0731052984574112 0.12649164677804303
0 0.7465124098267993 0.4683770883054893 0.06505700871898057 0.13723150357995234
0 0.748859827667175 0.14081145584725535 0.07109322602280355 0.12171837708830549
0 0.6482562059367927 0.3890214797136038 0.07377598926894702 0.13126491646778043
0 0.5479879296121783 0.4182577565632458 0.07981220657276988 0.13961813842482096
0 0.6824614373251225 0.5572792362768496 0.07780013413816234 0.13842482100238662
0 0.6019785399408168 0.6521479713603818 0.0697518443997317 0.13007159904534604
0 0.5302146231064775 0.7929594272076372 0.07780013413816234 0.13245823389021472
0 0.2488598276671749 0.8042959427207637 0.06639839034205228 0.12410501193317425
0 0.22471495845188316 0.9421241050119331 0.07444668008048291 0.11575178997613367
0 0.02030516534264179 0.7738663484486874 0.04061033068528358 0.13723150357995217
0 0.1375251529522185 0.7595465393794749 0.07176391683433939 0.11813842482100234
0 0.17273642055785232 0.3943914081145585 0.07243460764587523 0.13245823389021483
0 0.2991616385323661 0.40990453460620524 0.07310529845741115 0.12529832935560858
0 0.4185446029857531 0.39916467780429593 0.0663983903420523 0.12529832935560858
