0 0.9453722354471883 0.9576372315035799 0.0697518443997317 0.08472553699284013
0 0.7756874601286101 0.824582338902148 0.06304493628437291 0.10978520286396176
0 0.4836016117047336 0.7726730310262531 0.06237424547283704 0.10620525059665875
0 0.6750838383982278 0.8502386634844868 0.06304493628437291 0.12052505966587113
0 0.7387994654941367 0.769689737470167 0.06841046277665996 0.116945107398568
0 0.8263246163995692 0.6807875894988067 0.07847082494969826 0.12768496420047737
0 0.9004359510742843 0.5721957040572793 0.06304493628437291 0.11336515513126488
0 0.9663145550140033 0.2201670644391408 0.06737088997199336 0.12291169451073988
0 0.021311201559945613 0.2822195704057279 0.042622403119891225 0.14439140811455844
0 0.07615694369668533 0.24164677804295942 0.07243460764587525 0.13007159904534604
0 0.06441985449480739 0.5560859188544153 0.07176391683433936 0.12171837708830546
0 0.17877263786167524 0.4468973747016707 0.06304493628437288 0.11336515513126494
0 0.28038229580936136 0.5220763723150358 0.0677397719651241 0.1229116945107398
0 0.3524815580494687 0.4636038186157518 0.06841046277665996 0.12529832935560858
0 0.5037223360508101 0.6366348448687351 0.06908115358819589 0.1348448687350835
