0 0.2773641871574499 0.020883054892601432 0.06841046277665999 0.041766109785202864
0 0.15093896918293617 0.9570405727923628 0.0744466800804829 0.08591885441527447
0 0.2330985935960817 0.9767303102625298 0.06706908115358823 0.04653937947494036
0 0.4047954413492675 0.9564439140811456 0.07243460764587528 0.08711217183770881
0 0.6318242810541634 0.9743436754176611 0.0731052984574111 0.051312649164677815
0 0.782394368243969 0.8335322195704058 0.07914151576123407 0.14200477326968974
0 0.964486923575961 0.779236276849642 0.06103286384976525 0.12171837708830546
0 0.9746981901582018 0.5083532219570406 0.05060361968359639 0.14081145584725535
0 0.9218980570434325 0.3448687350835322 0.06170355466130106 0.13603818615751795
0 0.962625755550556 0.08532219570405729 0.07474848889888808 0.13961813842482101
0 0.8970824970166049 0.12708830548926014 0.0697518443997317 0.12052505966587113
0 0.8025150925900455 0.39498806682577564 0.06841046277665996 0.12410501193317425
0 0.748859827667175 0.28878281622911695 0.06304493628437291 0.116945107398568
0 0.6824614373251225 0.2529832935560859 0.06572769953051638 0.12887828162291168
0 0.37427900942438486 0.23389021479713606 0.05298457411133467 0.10023866348448687
0 0.20828303356925407 0.23747016706443913 0.07243460764587523 0.12410501193317422
0 0.04932931123525004 0.22255369928400953 0.07109322602280349 0.11575178997613364
0 0.10365526696965649 0.8532219570405728 0.0710932260228035 0.1408114558472553
0 0.25892018984021314 0.623508353221957 0.07176391683433936 0.12291169451073991
0 0.45006707112793953 0.6485680190930787 0.05969148222669346 0.1109785202863961
0 0.418879948391521 0.7326968973747017 0.07511737089201881 0.11933174224343679
0 0.6663648578482615 0.8162291169451075 0.07243460764587517 0.12649164677804292
0 0.640878607009898 0.8496420047732697 0.06572769953051638 0.13126491646778038
0 0.34309188668796636 0.3824582338902148 0.07914151576123407 0.12291169451073986
0 0.33906774181875105 0.360381861575179 0.06841046277665996 0.12410501193317425
