0 0.7595908806517491 0.9636038186157518 0.0523138832997988 0.07279236276849643
0 0.967991282042843 0.7482100238663485 0.06401743591431397 0.12649164677804292
0 0.9733568085351301 0.6813842482100239 0.05328638292973986 0.12649164677804303
0 0.9753688809697376 0.5363961813842482 0.049262238060524655 0.19212410501193322
0 0.8290073796457129 0.2309069212410501 0.0663983903420523 0.11097852028639618
0 0.8608651931936673 0.7446300715990453 0.07109322602280355 0.12410501193317425
0 0.07213279882747003 0.9295942720763724 0.07377598926894702 0.1408114558472554
0 0.14926224215409645 0.9164677804295942 0.06975184439973173 0.12649164677804292
0 0.3380617056014472 0.9564439140811456 0.07176391683433936 0.08711217183770881
0 0.5791750523485968 0.8007159904534606 0.06572769953051649 0.11455847255369933
0 0.7666331341728758 0.5232696897374702 0.06237424547283699 0.113365155131265
0 0.8430918866879664 0.04474940334128878 0.07042253521126762 0.08949880668257756
0 0.7099597605980938 0.28878281622911695 0.06706908115358823 0.1312649164677804
0 0.6231053005041971 0.13544152744630072 0.06237424547283699 0.12052505966587113
0 0.3440979229052702 0.031026252983293555 0.06639839034205236 0.06205250596658711
0 0.37528504564168863 0.10978520286396182 0.06170355466130112 0.11455847255369928
0 0.43732394570875777 0.4003579952267303 0.0677397719651241 0.11575178997613367
0 0.20962441519232583 0.34009546539379476 0.06841046277665996 0.12410501193317425
0 0.28172367743243315 0.45047732696897375 0.06639839034205233 0.12529832935560858
0 0.40077129648005216 0.4856801909307876 0.053655264922870594 0.09546539379474944
