0 0.9810697528677927 0.42720763723150357 0.037860494264414624 0.13842482100238662
0 0.9571093246490663 0.5005966587112172 0.06505700871898057 0.1276849642004773
0 0.9349765278683821 0.6891408114558473 0.07042253521126762 0.1229116945107398
0 0.9215627116376646 0.8687350835322196 0.06773977196512415 0.12171837708830557
0 0.652280350806008 0.9146778042959427 0.06304493628437291 0.09665871121718372
0 0.6636820946021179 0.850238663484487 0.06438631790744465 0.10620525059665875
0 0.731421866567242 0.8126491646778042 0.07914151576123407 0.13842482100238673
0 0.8514755218321648 0.6933174224343676 0.0697518443997317 0.13842482100238662
0 0.5204896063392072 0.049522673031026254 0.08249496981891352 0.09904534606205251
0 0.6978873259904479 0.059665871121718374 0.06706908115358812 0.11933174224343675
0 0.640878607009898 0.14856801909307876 0.07109322602280355 0.13245823389021477
0 0.7719986606651628 0.2893794749403341 0.07042253521126762 0.13007159904534604
0 0.6381958437637544 0.28042959427207637 0.06841046277665996 0.1288782816229117
0 0.6331656626772353 0.6992840095465394 0.07712944332662652 0.13842482100238662
0 0.7019114708596632 0.6539379474940334 0.06841046277665996 0.12410501193317425
0 0.6593226043271347 0.7380668257756564 0.07042253521126762 0.1348448687350835
0 0.5453051663660347 0.9343675417661098 0.08115358819584173 0.13126491646778038
0 0.46549295979326477 0.902744630071599 0.07310529845741115 0.12052505966587113
0 0.32665996180533724 0.9248210023866348 0.07176391683433936 0.12649164677804292
0 0.3132461455746196 0.6569212410501193 0.06103286384976525 0.12052505966587113
0 0.2659624433613399 0.21718377088305488 0.06841046277665994 0.11933174224343673
0 0.3829979899743513 0.13424821002386633 0.06908115358819583 0.12529832935560858
0 0.5110999349777048 0.31026252983293556 0.06908115358819589 0.12171837708830549
0 0.09594232263699384 0.5721957040572792 0.05566733735747821 0.11813842482100234
0 0.20962441519232583 0.4701670644391408 0.07109322602280349 0.13842482100238662
0 0.033718981573359424 0.1467780429594272 0.06743796314671885 0.116945107398568
0 0.11237424751962294 0.06980906921241051 0.06841046277665995 0.13961813842482101
0 0.14322602485027353 0.285799522673031 0.06975184439973173 0.1181384248210024
0 0.14993293296563234 0.256563245823389 0.07109322602280349 0.116945107398568
