1 0.3615358840052031 0.6258949880668259 0.06505700871898057 0.1348448687350835
1 0.2495305184787108 0.022673031026252982 0.06908115358819583 0.045346062052505964
2 0.03658618581606828 0.27744630071599047 0.06706908115358819 0.11575178997613367
2 0.8269953072111051 0.39797136038186154 0.06237424547283699 0.1181384248210024
2 0.40345405972619575 0.47076372315035797 0.06572769953051644 0.12529832935560864
2 0.05670691016214474 0.9624105011933175 0.07109322602280349 0.0751789976133651
2 0.058048291785216505 0.7434367541766109 0.07243460764587525 0.1312649164677805
2 0.21968477736536407 0.7762529832935561 0.05767940979208583 0.11575178997613367
1 0.5372568766276042 0.633054892601432 0.06773977196512415 0.1348448687350836
2 0.13685446214068264 0.5918854415274463 0.05835010060362174 0.12171837708830546
2 0.3648893380628825 0.27446300715990457 0.07042253521126762 0.12649164677804298
2 0.5627431274659678 0.3735083532219571 0.06237424547283699 0.13126491646778043
1 0.9629611009563239 0.5554892601431981 0.07407779808735226 0.13723150357995229
1 0.9706740452889866 0.12112171837708832 0.058651909422026915 0.1252983293556086
