0 0.01393360263305091 0.6825775656324582 0.02786720526610182 0.12171837708830546
0 0.9767102625928095 0.39379474940334125 0.04657947481438107 0.12649164677804298
0 0.4443661992298845 0.05190930787589499 0.07511737089201875 0.10381861575178998
0 0.5181421884988315 0.10023866348448687 0.07109322602280349 0.12171837708830548
0 0.47957746683551833 0.18138424821002386 0.07042253521126762 0.11694510739856803
0 0.4849429933278054 0.2094272076372315 0.06371562709590883 0.11097852028639618
0 0.5781690161312929 0.24403341288782815 0.0663983903420523 0.12529832935560858
0 0.5352448041929965 0.3752983293556086 0.06773977196512415 0.1181384248210024
0 0.3608651931936672 0.19391408114558473 0.07042253521126762 0.12291169451073983
0 0.36958417374363367 0.08054892601431982 0.0663983903420523 0.1324582338902148
0 0.14926224215409645 0.049522673031026254 0.07109322602280348 0.09904534606205251
0 0.030030182109912075 0.13544152744630072 0.06006036421982415 0.13723150357995226
0 0.15160965999447204 0.44749403341288785 0.07712944332662641 0.1336515513126491
0 0.18816230922317762 0.29653937947494036 0.07243460764587525 0.13245823389021477
0 0.25221328172485435 0.21837708830548927 0.07444668008048289 0.13126491646778043
0 0.2860831677074164 0.3532219570405728 0.07109322602280349 0.1288782816229117
0 0.2958081844746867 0.4821002386634845 0.06908115358819583 0.1336515513126491
0 0.35013414020909306 0.5214797136038186 0.06237424547283704 0.11455847255369928
0 0.28977196717086373 0.7720763723150359 0.0731052984574111 0.13365155131264916
0 0.3558350121071481 0.6957040572792363 0.06706908115358817 0.13603818615751784
0 0.38165660835127957 0.6772076372315036 0.0677397719651241 0.1348448687350836
0 0.4205566754203607 0.5638424821002387 0.07176391683433941 0.1300715990453461
0 0.49802146415275506 0.6563245823389021 0.08182427900737754 0.14797136038186154
0 0.4430248176068128 0.8031026252983293 0.07243460764587523 0.11933174224343679
0 0.4353118732741501 0.9176610978520287 0.07176391683433936 0.11933174224343679
0 0.5731388350447738 0.8830548926014319 0.06841046277665996 0.116945107398568
0 0.6485915513425606 0.8054892601431981 0.06908115358819578 0.13603818615751795
0 0.6864855821943379 0.5083532219570406 0.07243460764587528 0.13603818615751795
0 0.7750167693170743 0.2756563245823389 0.07511737089201875 0.12649164677804295
0 0.7404761925229764 0.16766109785202865 0.06371562709590883 0.11575178997613364
0 0.8303487612687845 0.045346062052505964 0.06237424547283699 0.09069212410501193
