0 0.760261571463285 0.8418854415274464 0.08182427900737765 0.1348448687350835
0 0.9611334695182816 0.35262529832935563 0.06908115358819578 0.13245823389021477
0 0.8692488283378658 0.29832935560859186 0.06103286384976525 0.12171837708830552
0 0.9104963132473225 0.4295942720763723 0.08450704225352113 0.14319809069212408
0 0.953085179779851 0.9498806682577565 0.07444668008048283 0.10023866348448685
0 0.7699865882305552 0.9212410501193318 0.0731052984574112 0.13126491646778038
0 0.6891683454404813 0.7505966587112172 0.05902079141515759 0.10262529832935563
0 0.7505365546960145 0.6288782816229117 0.0663983903420523 0.12410501193317414
0 0.6375251529522186 0.5143198090692124 0.0697518443997317 0.11933174224343673
0 0.07045607179863031 0.21300715990453462 0.07578806170355465 0.12529832935560858
0 0.5375922220333722 0.050119331742243436 0.06304493628437291 0.10023866348448687
0 0.42659289272418366 0.2613365155131265 0.0663983903420523 0.11933174224343676
0 0.4269282381299516 0.39916467780429593 0.07511737089201881 0.13007159904534604
0 0.4336351462453104 0.6593078758949881 0.06304493628437291 0.10859188544152754
0 0.5188128793103675 0.7183770883054892 0.07109322602280349 0.14319809069212408
0 0.5540241469160012 0.7255369928400954 0.06103286384976525 0.12171837708830546
0 0.6086854480561756 0.7768496420047732 0.06438631790744465 0.12649164677804292
0 0.6130449383311588 0.886038186157518 0.07981220657277 0.13007159904534615
0 0.28205902283820106 0.9355608591885441 0.06572769953051644 0.11694510739856812
0 0.2602615714632849 0.8198090692124105 0.058350100603621724 0.12410501193317425
0 0.28809524014202403 0.6915274463007159 0.056338028169014065 0.149164677804296
0 0.23779342927683286 0.6742243436754176 0.06706908115358817 0.12410501193317425
0 0.33604963316683956 0.5954653937947494 0.07310529845741115 0.12410501193317425
0 0.1931924903096967 0.5107398568019094 0.07847082494969818 0.13126491646778043
0 0.34678068615141366 0.2863961813842482 0.07310529845741115 0.1288782816229117
0 0.02432931021185708 0.29653937947494036 0.04865862042371416 0.13484486873508353
0 0.17374245677515615 0.1801909307875895 0.06371562709590878 0.10978520286396182
0 0.44067739976643716 0.12410501193317423 0.05164319248826288 0.09785202863961814
