0 0.016281020473426496 0.17899761336515513 0.03256204094685299 0.11933174224343675
0 0.9296110013760951 0.9695704057279236 0.07444668008048283 0.06085918854415273
0 0.9493963803164036 0.7547732696897375 0.07780013413816234 0.13961813842482096
0 0.8648893380628826 0.9134844868735084 0.07377598926894702 0.12052505966587113
0 0.8125754547630837 0.8025059665871122 0.06304493628437291 0.11813842482100245
0 0.8591884661648275 0.6879474940334129 0.07042253521126762 0.12768496420047726
0 0.9282696197530234 0.5966587112171837 0.07444668008048283 0.13842482100238662
0 0.8417505050648946 0.5638424821002387 0.06639839034205242 0.12052505966587113
0 0.748524482261407 0.7058472553699284 0.07176391683433936 0.13723150357995229
0 0.6851442005712661 0.8305489260143198 0.07243460764587528 0.11933174224343679
0 0.6415492978214338 0.6545346062052506 0.06438631790744465 0.10859188544152742
0 0.640878607009898 0.7285202863961814 0.06706908115358823 0.10859188544152754
0 0.6935278357154646 0.45704057279236276 0.07444668008048294 0.12649164677804298
0 0.7411468833345123 0.4206443914081146 0.07176391683433936 0.12291169451073986
0 0.9416834359837409 0.3013126491646778 0.057008718980550044 0.10859188544152745
0 0.8930583521473896 0.4224343675417661 0.06170355466130106 0.10978520286396176
0 0.8246478893707296 0.36634844868735084 0.07243460764587517 0.12171837708830546
0 0.9292756559703271 0.4224343675417661 0.06841046277665996 0.12649164677804292
0 0.9379946365202936 0.2893794749403341 0.07645875251509049 0.14439140811455847
0 0.9837525161139362 0.17959427207637232 0.03249496777212757 0.12291169451073987
0 0.9172032213626813 0.060859188544152745 0.06975184439973181 0.12171837708830549
0 0.7810529866208973 0.1992840095465394 0.061703554661301174 0.13842482100238665
0 0.7629443347094285 0.10381861575178997 0.06841046277665996 0.10501193317422435
0 0.6636820946021179 0.08591885441527447 0.06438631790744465 0.13126491646778043
0 0.7273977216980267 0.23269689737470167 0.07914151576123407 0.13603818615751792
0 0.669047621094405 0.29415274463007157 0.057679409792085856 0.11097852028639618
0 0.6106975204907832 0.6223150357995226 0.06304493628437291 0.1109785202863961
0 0.5198189155276712 0.698090692124105 0.06237424547283704 0.10739856801909309
0 0.3320254882976243 0.9361575178997613 0.0663983903420523 0.1229116945107398
0 0.5453051663660348 0.9099045346062052 0.06908115358819589 0.1229116945107398
0 0.4071428591896431 0.7732696897374702 0.06505700871898051 0.10739856801909309
0 0.44872568950486774 0.6527446300715991 0.07176391683433936 0.1312649164677805
0 0.538262912844908 0.08233890214797135 0.07243460764587528 0.12649164677804295
0 0.46314554195288926 0.054295942720763726 0.07109322602280349 0.10859188544152745
0 0.44671361707026014 0.23210023866348448 0.05969148222669346 0.11097852028639615
0 0.3796445359166719 0.5071599045346062 0.0731052984574111 0.116945107398568
0 0.11036217508501531 0.6258949880668258 0.06841046277665996 0.12768496420047737
0 0.058048291785216505 0.5554892601431981 0.06572769953051644 0.12529832935560853
0 0.06073105503136003 0.34427207637231505 0.07243460764587525 0.12052505966587113
0 0.11136821130231914 0.13424821002386633 0.06371562709590879 0.1324582338902148
0 0.13517773511184294 0.03937947494033413 0.0710932260228035 0.07875894988066826
0 0.27870556878052166 0.06861575178997613 0.08048289738430581 0.13484486873508353
0 0.27702884175168196 0.2732696897374702 0.08383635144198523 0.1312649164677804
