0 0.7522132817248544 0.9624105011933175 0.0697518443997317 0.0751789976133651
0 0.9726861177235941 0.22792362768496421 0.05462776455281171 0.1288782816229117
0 0.8119047639515479 0.4170644391408115 0.06438631790744465 0.11575178997613361
0 0.9108316586530905 0.12350835322195704 0.07847082494969826 0.13723150357995226
0 0.28809524014202403 0.059665871121718374 0.06572769953051644 0.10739856801909307
0 0.26193829849212463 0.027446300715990454 0.07645875251509052 0.05489260143198091
0 0.20325285248273495 0.08174224343675418 0.06908115358819583 0.12291169451073986
0 0.3558350121071481 0.32279236276849643 0.06975184439973175 0.1276849642004773
0 0.3762910818589925 0.1801909307875895 0.07042253521126762 0.116945107398568
0 0.6656941670367256 0.060859188544152745 0.07780013413816222 0.12171837708830549
0 0.566431926929415 0.3573985680190931 0.07243460764587528 0.1276849642004773
0 0.6620053675732782 0.37171837708830546 0.06639839034205242 0.11097852028639615
0 0.6076794118388718 0.49343675417661104 0.07578806170355468 0.1300715990453461
0 0.5389336036564438 0.6229116945107398 0.07511737089201886 0.1312649164677805
0 0.3440979229052702 0.9701670644391408 0.07712944332662647 0.059665871121718395
0 0.16737089406556527 0.9546539379474941 0.07243460764587523 0.09069212410501193
0 0.016616365879194437 0.5704057279236276 0.033232731758388874 0.1312649164677805
0 0.15596915026945526 0.5614558472553699 0.06036217303822938 0.11097852028639621
0 0.17608987461553174 0.4564439140811456 0.07377598926894702 0.13484486873508356
0 0.13853118916952234 0.35799522673031026 0.06572769953051644 0.11217183770883055
0 0.050000002046785924 0.16825775656324582 0.07109322602280349 0.11455847255369928
0 0.9493963803164036 0.9564439140811456 0.06036217303822933 0.08711217183770881
0 0.9854292431427759 0.3890214797136038 0.029141513714448175 0.12171837708830552
0 0.9483903440990998 0.6079952267303103 0.05835010060362178 0.11813842482100245
0 0.8638833018455787 0.5781622911694511 0.07578806170355468 0.15155131264916466
0 0.8350435969495358 0.5883054892601431 0.07444668008048294 0.1312649164677805
0 0.4400067089549013 0.42840095465393796 0.05700871898054993 0.10262529832935563
