0 0.8669014104974901 0.15214797136038186 0.07243460764587528 0.1276849642004773
0 0.8098926915169402 0.6193317422434368 0.04560697518444001 0.08353221957040569
0 0.6874916184116417 0.4916467780429594 0.09456740442655942 0.1694510739856802
0 0.628470826996484 0.3412887828162291 0.06371562709590883 0.11933174224343673
0 0.5020456090219704 0.6109785202863962 0.0764587525150906 0.1408114558472554
0 0.5848759242466518 0.7476133651551313 0.06908115358819589 0.13245823389021483
0 0.19285714490392877 0.9105011933174224 0.10060362173038229 0.17899761336515518
0 0.04865862042371416 0.21957040572792363 0.057679409792085856 0.09785202863961817
0 0.06441985449480739 0.31085918854415273 0.0704225352112676 0.11575178997613367
0 0.34208585047066253 0.27923627684964203 0.06908115358819583 0.12410501193317419
0 0.4819248846758939 0.45525059665871126 0.07780013413816228 0.13961813842482101
