0 0.22907444872686641 0.9486873508353222 0.0818242790073776 0.10262529832935563
0 0.9433601630125807 0.053102625298329355 0.07243460764587517 0.10620525059665871
0 0.17508383839822791 0.912291169451074 0.08115358819584173 0.14439140811455842
0 0.38400402619165513 0.9075178997613365 0.06706908115358823 0.13007159904534615
0 0.4785714306182145 0.8663484486873508 0.06975184439973175 0.1288782816229117
0 0.7280684125095626 0.9373508353221958 0.061703554661301174 0.10859188544152742
0 0.7780348779689858 0.14498806682577564 0.07578806170355457 0.13484486873508353
0 0.6931924903096967 0.6754176610978521 0.06036217303822944 0.11217183770883055
0 0.5526827652929295 0.6539379474940334 0.06908115358819589 0.12649164677804292
0 0.5104292441661689 0.49940334128878283 0.06639839034205236 0.12291169451073986
0 0.06341381827750356 0.04116945107398568 0.06304493628437291 0.08233890214797136
0 0.01762240209649826 0.1282816229116945 0.03524480419299652 0.12529832935560858
0 0.17541918380399585 0.6258949880668259 0.07109322602280349 0.1348448687350835
0 0.28004695040359345 0.44510739856801906 0.07377598926894705 0.1360381861575179
0 0.7810529866208973 0.35381861575178997 0.10999329309188466 0.18973747016706444
0 0.5825285064062762 0.19988066825775655 0.10328638497652576 0.175417661097852
0 0.486619720356645 0.2321002386634845 0.06841046277665991 0.1252983293556086
0 0.2502012092902467 0.06921241050119332 0.06773977196512407 0.1288782816229117
