0 0.19185110868662497 0.8591885441527447 0.07578806170355465 0.13365155131264916
0 0.9857645885485439 0.8776849642004774 0.02847082290291225 0.12529832935560858
0 0.6438967156618094 0.9701670644391408 0.06908115358819589 0.059665871121718395
0 0.9554325976202266 0.8031026252983293 0.06438631790744465 0.11933174224343679
0 0.8209590899072823 0.9343675417661098 0.07444668008048294 0.1288782816229117
0 0.6935278357154646 0.8884248210023866 0.06505700871898046 0.12768496420047737
0 0.6090207934619436 0.7953460620525059 0.06371562709590883 0.12529832935560858
0 0.6630114037905821 0.747016706443914 0.06438631790744476 0.11217183770883055
0 0.7783702233747538 0.6097852028639619 0.0697518443997317 0.10978520286396176
0 0.9275989289414874 0.21479713603818618 0.0731052984574111 0.12649164677804295
0 0.9840878615197042 0.0733890214797136 0.031824276960591646 0.13007159904534604
0 0.9594567424894418 0.15990453460620524 0.06572769953051638 0.12649164677804298
0 0.8766264272647604 0.29295942720763724 0.07042253521126762 0.12052505966587113
0 0.5161301160642239 0.5507159904534606 0.05902079141515765 0.11575178997613361
0 0.45342052518561893 0.6205250596658711 0.07578806170355468 0.13126491646778038
0 0.37930919051090395 0.7768496420047732 0.0643863179074447 0.15035799522673032
0 0.16971831190594086 0.9045346062052506 0.0663983903420523 0.12410501193317425
0 0.16737089406556527 0.7637231503579952 0.06572769953051644 0.12171837708830546
0 0.19017438165778527 0.7219570405727924 0.08316566063044936 0.13603818615751784
0 0.10466130318696032 0.7404534606205251 0.06371562709590879 0.13245823389021483
0 0.2136485600615411 0.6223150357995226 0.07377598926894699 0.1348448687350835
0 0.34376257749950223 0.5900954653937948 0.0697518443997317 0.12768496420047737
0 0.504057681456578 0.6467780429594272 0.06706908115358817 0.12410501193317414
0 0.7273977216980267 0.3627684964200477 0.06572769953051638 0.12649164677804298
0 0.6764252200212997 0.13126491646778043 0.06706908115358812 0.12410501193317422
0 0.5003688819931307 0.2678997613365155 0.0731052984574112 0.1324582338902148
0 0.22538564926341909 0.16825775656324582 0.07712944332662644 0.14558472553699287
0 0.2961435298804546 0.23031026252983294 0.06438631790744465 0.1288782816229117
0 0.28977196717086373 0.3329355608591885 0.06773977196512404 0.1002386634844869
0 0.23209255737877788 0.30668257756563244 0.07042253521126762 0.1145584725536993
0 0.1569751864867591 0.3902147971360382 0.059691482226693515 0.1050119331742243
0 0.12880617240225206 0.49045346062052503 0.0704225352112676 0.116945107398568
0 0.015945675067658555 0.5906921241050119 0.03189135013531711 0.11217183770883055
0 0.02801810967530443 0.43973747016706444 0.05603621935060886 0.12052505966587113
