0 0.8424211958764305 0.13842482100238665 0.06371562709590883 0.11217183770883056
0 0.06743796314671885 0.9689737470167065 0.07243460764587525 0.06205250596658707
0 0.3330315245149281 0.8782816229116945 0.06438631790744465 0.11217183770883055
0 0.9763749171870415 0.7523866348448687 0.047250165625916996 0.13723150357995217
0 0.918879948391521 0.48329355608591884 0.06371562709590872 0.12171837708830546
0 0.9720154269120582 0.19809069212410502 0.055969146175883444 0.12649164677804295
0 0.7733400422882346 0.13424821002386633 0.06908115358819589 0.1276849642004773
0 0.8236418531534258 0.42183770883054894 0.0623742454728371 0.1062052505966587
0 0.600637158317745 0.5375894988066826 0.06975184439973181 0.12291169451073986
0 0.40077129648005216 0.5202863961813843 0.07109322602280349 0.1288782816229117
0 0.025335346429160903 0.40692124105011934 0.050670692858321806 0.1288782816229117
0 0.06877934476979061 0.22553699284009548 0.07243460764587525 0.12649164677804295
0 0.17944332867321117 0.5280429594272076 0.07511737089201878 0.13723150357995223
