0 0.03304829076182354 0.020883054892601432 0.06609658152364709 0.041766109785202864
0 0.1841381643539623 0.02386634844868735 0.06438631790744467 0.0477326968973747
0 0.646244133502185 0.5208830548926014 0.06438631790744465 0.11575178997613361
0 0.6824614373251225 0.4051312649164678 0.07377598926894702 0.12291169451073986
0 0.7062709611346465 0.5268496420047732 0.07042253521126762 0.13245823389021483
0 0.5614017458428959 0.47732696897374705 0.06773977196512404 0.12410501193317419
0 0.617404428606142 0.2899761336515513 0.06304493628437291 0.12410501193317419
0 0.344768613716806 0.18973747016706444 0.058350100603621724 0.11217183770883055
0 0.2602615714632849 0.07875894988066826 0.07444668008048289 0.13365155131264916
0 0.04564051177180269 0.24463007159904535 0.0744466800804829 0.1360381861575179
0 0.22437961304611523 0.418854415274463 0.06036217303822938 0.11217183770883055
0 0.33873239641298314 0.3371121718377088 0.07042253521126757 0.1181384248210024
0 0.4691817592567121 0.41348448687350836 0.10865191146881287 0.18496420047732692
0 0.3407444688475908 0.736873508353222 0.06371562709590878 0.11575178997613356
0 0.013262911821515028 0.9248210023866348 0.026525823643030057 0.116945107398568
0 0.2575788082171414 0.9409307875894988 0.07176391683433939 0.11813842482100234
0 0.32766599802264107 0.8997613365155132 0.07645875251509054 0.1288782816229117
0 0.5717974534217021 0.9558472553699284 0.07243460764587528 0.08830548926014314
0 0.7039235432942709 0.860381861575179 0.07243460764587528 0.12410501193317425
0 0.8497987948033252 0.9206443914081146 0.07176391683433936 0.11813842482100234
0 0.974027499346666 0.678400954653938 0.051945001306668126 0.1348448687350835
0 0.9837525161139362 0.5190930787589498 0.03249496777212757 0.12887828162291165
0 0.9514084527510113 0.04474940334128878 0.054996646545942385 0.08949880668257756
0 0.872937627801313 0.15632458233890217 0.0697518443997317 0.12649164677804298
