1 0.4862843749508772 0.6700477326968974 0.0677397719651241 0.1348448687350835
1 0.029024145892608252 0.6569212410501193 0.058048291785216505 0.12529832935560858
1 0.259926226057517 0.7917661097852029 0.06841046277665996 0.12291169451073991
2 0.1757545292097638 0.5256563245823389 0.07310529845741112 0.12768496420047737
2 0.4202213300145927 0.3609785202863962 0.06036217303822938 0.11575178997613361
2 0.6770959108328356 0.1658711217183771 0.06706908115358823 0.1360381861575179
2 0.8873574802493346 0.32577565632458233 0.06505700871898057 0.11933174224343679
2 0.8749497002359208 0.8872315035799523 0.06304493628437291 0.14200477326968974
2 0.5023809544277383 0.8741050119331742 0.05969148222669346 0.11336515513126488
2 0.13517773511184294 0.8651551312649165 0.061703554661301147 0.12171837708830546
1 0.20090543464235935 0.32279236276849643 0.06304493628437291 0.12052505966587113
1 0.5842052334351159 0.42899761336515513 0.06505700871898057 0.11097852028639621
