0 0.9783869896216492 0.175417661097852 0.04322602075670168 0.12410501193317422
0 0.952749834374083 0.1276849642004773 0.07914151576123407 0.14558472553699284
0 0.8783031542936002 0.060859188544152745 0.06572769953051638 0.12171837708830549
0 0.24114688333451229 0.6855608591885441 0.06706908115358823 0.1229116945107398
0 0.2387994654941367 0.8269689737470167 0.06371562709590878 0.11933174224343679
0 0.02801810967530443 0.7034606205250598 0.05603621935060886 0.11575178997613367
0 0.04496982096026681 0.5656324582338903 0.06908115358819585 0.12410501193317425
0 0.6931924903096967 0.9516706443914081 0.07377598926894702 0.09665871121718372
0 0.9800637166504889 0.9504773269689737 0.03987256669902228 0.09904534606205251
0 0.7300804849441702 0.3371121718377088 0.06572769953051649 0.11097852028639615
0 0.19017438165778527 0.785799522673031 0.0670690811535882 0.12768496420047737
0 0.2807176412151293 0.5560859188544153 0.07377598926894702 0.13126491646778038
0 0.20794768816348613 0.522673031026253 0.07176391683433936 0.1360381861575179
0 0.15596915026945526 0.06622911694510739 0.06572769953051642 0.11575178997613364
0 0.3487927585860213 0.04116945107398568 0.07712944332662641 0.08233890214797136
0 0.9723507723178262 0.6616945107398569 0.05529845536434752 0.12768496420047726
0 0.7180080503365243 0.7052505966587113 0.06706908115358823 0.1288782816229117
0 0.913179076493466 0.4701670644391408 0.07243460764587528 0.12171837708830546
0 0.8293427250514808 0.4170644391408115 0.06706908115358812 0.11336515513126494
0 0.7937961120400789 0.25 0.07109322602280355 0.12768496420047734
0 0.7679745157959476 0.15811455847255368 0.07042253521126751 0.1276849642004773
0 0.696881289773144 0.2458233890214797 0.07847082494969826 0.13365155131264916
0 0.6274647907791804 0.18854415274463007 0.0697518443997317 0.13126491646778043
0 0.027012073458000607 0.8227923627684963 0.054024146916001214 0.14200477326968974
0 0.07246814423323797 0.8943914081145585 0.0556673373574782 0.1348448687350835
0 0.025670691834928844 0.6097852028639619 0.05134138366985769 0.116945107398568
0 0.046646547989106515 0.44928400954653935 0.06841046277665996 0.1229116945107398
0 0.02868880048684031 0.3293556085918854 0.05737760097368062 0.13126491646778043
0 0.04564051177180269 0.1318615751789976 0.06773977196512408 0.12052505966587111
0 0.5335680771641569 0.21121718377088305 0.06706908115358823 0.116945107398568
0 0.33269617910916016 0.9099045346062052 0.08115358819584173 0.13245823389021472
0 0.3933936975531575 0.8383054892601431 0.07914151576123407 0.14439140811455842
0 0.5345741133814607 0.7929594272076372 0.07176391683433936 0.1229116945107398
0 0.532562040946853 0.6366348448687351 0.07310529845741115 0.13245823389021483
0 0.31626425422653104 0.17422434367541767 0.06841046277665996 0.12171837708830549
0 0.24517102820372758 0.22613365155131265 0.07109322602280349 0.13007159904534607
0 0.11639839238883824 0.25 0.07243460764587525 0.13007159904534604
