0 0.9820757890850965 0.6408114558472554 0.035848421829806965 0.09546539379474939
0 0.15831656810983086 0.3609785202863962 0.06773977196512408 0.12291169451073986
0 0.5084171717315612 0.9236276849642004 0.06505700871898051 0.116945107398568
0 0.8608651931936673 0.9385441527446301 0.07109322602280355 0.12291169451073991
0 0.7726693514766987 0.5966587112171837 0.07042253521126762 0.11455847255369933
0 0.680784710296283 0.9492840095465394 0.06103286384976536 0.10143198090692129
0 0.6371898075464506 0.9039379474940334 0.06103286384976525 0.11336515513126488
0 0.6848088551654982 0.7571599045346062 0.07176391683433936 0.13723150357995229
0 0.9700033544774507 0.8359188544152745 0.05999329104509876 0.13245823389021472
0 0.7287391033210984 0.0513126491646778 0.08853118712273644 0.1026252983293556
0 0.6378604983579865 0.049522673031026254 0.06773977196512415 0.09904534606205251
0 0.5164654614699918 0.6867541766109786 0.06505700871898057 0.12768496420047726
0 0.5245137512084224 0.5596658711217184 0.07042253521126762 0.12649164677804303
0 0.4078135500011789 0.4307875894988067 0.07042253521126757 0.116945107398568
0 0.3370556693841434 0.383054892601432 0.07914151576123407 0.1288782816229117
0 0.259926226057517 0.49343675417661104 0.08182427900737763 0.1300715990453461
0 0.10399061237542442 0.8394988066825776 0.07042253521126762 0.12768496420047737
0 0.15731053189252703 0.7332935560859188 0.05633802816901409 0.11813842482100245
0 0.20392354329427081 0.7118138424821003 0.062374245472837014 0.12529832935560858
0 0.26629778876710786 0.6998806682577565 0.05835010060362175 0.10859188544152742
0 0.21566063249614875 0.27744630071599047 0.0697518443997317 0.13484486873508353
0 0.16200536757327821 0.21658711217183774 0.08316566063044935 0.13007159904534607
0 0.06911469017555856 0.26968973747016706 0.054325955734406434 0.08830548926014323
0 0.034389672384895306 0.1068019093078759 0.06877934476979061 0.13484486873508356
0 0.029359491298376193 0.5590692124105012 0.058718982596752387 0.12291169451073986
0 0.09426559560815413 0.5883054892601431 0.08584842387659289 0.12171837708830557
0 0.10600268481003208 0.6420047732696897 0.061032863849765265 0.11933174224343679
0 0.24215291955181611 0.967780429594272 0.08651911468812878 0.06443914081145585
0 0.47890677602398246 0.948090692124105 0.07578806170355468 0.10381861575178997
0 0.4705231408797839 0.7619331742243436 0.07109322602280355 0.1348448687350835
0 0.8186116720669067 0.11276849642004773 0.06706908115358812 0.12529832935560858
0 0.8031857834015814 0.905727923627685 0.07780013413816234 0.13603818615751795
0 0.8786384996993681 0.8651551312649164 0.06773977196512415 0.1312649164677805
0 0.776358150940146 0.6700477326968974 0.0697518443997317 0.13007159904534615
0 0.8695841737436336 0.4606205250596659 0.07243460764587517 0.12649164677804303
0 0.5788397069428288 0.42720763723150357 0.0663983903420523 0.12410501193317425
0 0.45308517977985097 0.10381861575178998 0.07109322602280349 0.1288782816229117
0 0.5064050992969537 0.050119331742243436 0.0784708249496982 0.10023866348448687
0 0.20057008923659142 0.1181384248210024 0.05969148222669349 0.11694510739856803
0 0.02768276426953649 0.4486873508353222 0.05536552853907298 0.11694510739856806
0 0.12276995509842911 0.3198090692124105 0.07847082494969819 0.14081145584725538
0 0.25892018984021314 0.3299522673031027 0.06237424547283699 0.12291169451073986
0 0.39741784242237277 0.6062052505966586 0.06841046277665996 0.13365155131264916
