0 0.9777162988101133 0.4158711217183771 0.04456740237977341 0.15155131264916466
0 0.6415492978214339 0.13723150357995226 0.07109322602280355 0.1360381861575179
0 0.7726693514766987 0.28102625298329353 0.06773977196512415 0.13723150357995226
0 0.8534875942667726 0.6879474940334129 0.0697518443997317 0.13723150357995229
0 0.9339704916510784 0.6813842482100239 0.06841046277665996 0.12649164677804303
0 0.9229040932607363 0.857398568019093 0.06773977196512404 0.12529832935560858
0 0.7320925573787779 0.8078758949880669 0.08450704225352124 0.14797136038186165
0 0.6522803508060079 0.9099045346062052 0.06841046277665996 0.09427207637231505
0 0.6646881308194217 0.8430787589498807 0.06773977196512415 0.09904534606205251
0 0.7056002703231106 0.6431980906921242 0.06773977196512404 0.12649164677804292
0 0.6623407129790462 0.7297136038186157 0.06841046277665996 0.12768496420047737
0 0.5466465479891065 0.9230310262529833 0.08115358819584173 0.12768496420047737
0 0.46482226898172896 0.8949880668257757 0.07578806170355473 0.1288782816229117
0 0.5117706257892407 0.29415274463007157 0.0663983903420523 0.1181384248210024
0 0.31458752719769134 0.6455847255369929 0.07042253521126762 0.13603818615751795
0 0.09493628641969001 0.5584725536992841 0.06975184439973171 0.13365155131264916
0 0.21264252384423732 0.45525059665871126 0.07712944332662644 0.14916467780429593
0 0.03506036319643119 0.13961813842482101 0.07012072639286238 0.12887828162291168
0 0.14121395241566587 0.2762529832935561 0.07645875251509054 0.12291169451073988
0 0.38098591753974365 0.12649164677804298 0.0784708249496982 0.13603818615751792
0 0.5201542609334392 0.049522673031026254 0.0925553319919517 0.09904534606205251
0 0.696881289773144 0.05608591885441527 0.06773977196512415 0.11217183770883055
0 0.6412139524156659 0.2714797136038186 0.0731052984574111 0.12768496420047734
0 0.958450706272138 0.4880668257756563 0.06773977196512404 0.13126491646778038
0 0.32665996180533724 0.9170644391408115 0.07042253521126762 0.1229116945107398
0 0.6328303172714673 0.6933174224343676 0.0697518443997317 0.13603818615751795
0 0.1489268967483285 0.24761336515513127 0.07176391683433936 0.12052505966587113
0 0.2666331341728758 0.20942720763723152 0.06572769953051644 0.1181384248210024
0 0.11539235617153443 0.06503579952267304 0.06908115358819585 0.13007159904534607
