0 0.8343729061379999 0.0441527446300716 0.06773977196512404 0.0883054892601432
0 0.5754862528851494 0.8729116945107398 0.06908115358819589 0.12291169451073991
0 0.6512743145887041 0.7959427207637231 0.07176391683433936 0.1408114558472554
0 0.49969819118159475 0.6449880668257757 0.08651911468812873 0.15632458233890212
0 0.4218980570434325 0.5507159904534606 0.07444668008048294 0.13723150357995229
0 0.35281690345523664 0.5083532219570406 0.07310529845741115 0.13126491646778043
0 0.28809524014202403 0.34188544152744627 0.08048289738430583 0.13723150357995223
0 0.15395707783484763 0.049522673031026254 0.08450704225352113 0.09904534606205251
0 0.03070087292144796 0.12350835322195704 0.06140174584289592 0.14916467780429593
0 0.1546277686463835 0.4409307875894988 0.07645875251509053 0.13961813842482096
0 0.19285714490392877 0.2881861575178998 0.07645875251509054 0.14439140811455847
0 0.2545606995652299 0.20763723150357996 0.07914151576123407 0.1479713603818616
0 0.3722669369897772 0.06921241050119331 0.07712944332662641 0.1360381861575179
0 0.4436955084183486 0.04713603818615752 0.08048289738430586 0.09427207637231504
0 0.5811871247832044 0.233890214797136 0.07109322602280344 0.12887828162291168
0 0.5362508404103004 0.3651551312649165 0.07511737089201875 0.12887828162291165
0 0.6881623092231777 0.49701670644391405 0.07444668008048294 0.14439140811455847
0 0.7438296465806558 0.15632458233890215 0.06505700871898046 0.116945107398568
0 0.776693496345914 0.26551312649164677 0.07444668008048294 0.12768496420047734
0 0.9757042263755056 0.3824582338902148 0.04859154724898873 0.13961813842482101
0 0.3625419202225069 0.18675417661097854 0.0697518443997317 0.11575178997613364
0 0.5178068430930636 0.08949880668257758 0.07310529845741115 0.1217183770883055
0 0.48963782900855657 0.19868735083532219 0.06103286384976525 0.11336515513126488
0 0.4785714306182145 0.1760143198090692 0.06572769953051649 0.12529832935560858
0 0.4426894722010448 0.7959427207637231 0.0784708249496982 0.1312649164677805
0 0.43497652786838215 0.9069212410501193 0.07109322602280349 0.12649164677804292
0 0.29111334879393547 0.7601431980906921 0.0784708249496982 0.14797136038186165
0 0.3551643212956122 0.6909307875894988 0.07243460764587528 0.1408114558472554
0 0.38333333538011927 0.6694510739856802 0.07109322602280349 0.13842482100238662
0 0.3011737109669737 0.4737470167064439 0.06505700871898057 0.1336515513126491
