0 0.7341046298133855 0.6575178997613365 0.07109322602280344 0.12410501193317425
0 0.44235412679527686 0.7881861575178998 0.06438631790744465 0.13007159904534604
0 0.6485915513425606 0.6211217183770883 0.06773977196512415 0.11813842482100245
0 0.6851442005712661 0.44749403341288785 0.06438631790744465 0.11455847255369928
0 0.390375588901246 0.42183770883054894 0.052984574111334726 0.11336515513126494
0 0.4322937646222387 0.2643198090692124 0.07243460764587523 0.1181384248210024
0 0.36120053859943513 0.20704057279236276 0.056338028169014065 0.11097852028639618
0 0.22102615898843583 0.32577565632458233 0.06975184439973175 0.12171837708830546
0 0.2817236774324331 0.350835322195704 0.06371562709590878 0.10978520286396182
0 0.05637156475637681 0.4594272076372315 0.06908115358819585 0.116945107398568
0 0.12545271834457264 0.48687350835322196 0.08115358819584172 0.14081145584725535
