0 0.9723507723178262 0.571599045346062 0.05529845536434752 0.12171837708830557
0 0.5580482917852165 0.045942720763723154 0.07712944332662641 0.09188544152744631
0 0.9252515111011119 0.9242243436754176 0.06438631790744465 0.13245823389021483
0 0.7381287746826009 0.8335322195704058 0.06438631790744465 0.12291169451073991
0 0.7746814239113063 0.5447494033412887 0.07578806170355468 0.13245823389021483
0 0.9631455419528892 0.6545346062052506 0.06908115358819578 0.12052505966587113
0 0.9115023494646263 0.5763723150357996 0.07847082494969815 0.13842482100238662
0 0.9783869896216492 0.4528639618138425 0.04322602075670168 0.11097852028639621
0 0.9400067089549013 0.308472553699284 0.05633802816901412 0.11097852028639621
0 0.8980885332339086 0.19689737470167062 0.0663983903420523 0.12887828162291168
0 0.9470489624760281 0.08949880668257756 0.07042253521126762 0.1288782816229117
0 0.5188128793103675 0.20763723150357996 0.06841046277666002 0.12649164677804298
0 0.6261234091561085 0.15572792362768495 0.07243460764587528 0.13961813842482101
0 0.49600939171814745 0.09844868735083531 0.07109322602280355 0.11336515513126491
0 0.4480549986933319 0.22911694510739858 0.07176391683433936 0.13126491646778043
0 0.4413480905779731 0.3735083532219571 0.06237424547283704 0.10501193317422436
0 0.4182092575799851 0.4385441527446301 0.06036217303822933 0.11097852028639615
0 0.6190811556349818 0.4958233890214797 0.07712944332662641 0.13961813842482096
0 0.62914151780802 0.7231503579952268 0.05432595573440646 0.09785202863961817
0 0.4104963132473225 0.8013126491646778 0.06371562709590878 0.12052505966587113
0 0.4296110013760951 0.6933174224343674 0.0643863179074447 0.12410501193317425
0 0.3658953742801863 0.7386634844868735 0.06304493628437291 0.12171837708830546
0 0.21633132330768468 0.7768496420047732 0.06975184439973173 0.12410501193317425
0 0.1838028189481944 0.9439140811455847 0.0637156270959088 0.11217183770883055
0 0.03759222203337211 0.9510739856801909 0.06908115358819585 0.09785202863961817
0 0.10331992156388854 0.918854415274463 0.06639839034205233 0.11217183770883055
0 0.1160630469830703 0.7326968973747017 0.07176391683433936 0.13126491646778038
0 0.14087860700989793 0.5089498806682577 0.0677397719651241 0.11097852028639621
0 0.1683769302828691 0.38424821002386633 0.06908115358819583 0.1288782816229117
0 0.12209926428689324 0.36634844868735084 0.061032863849765265 0.11933174224343679
0 0.026006037240696785 0.17840095465393796 0.05201207448139357 0.10620525059665872
0 0.1734071113693882 0.06443914081145585 0.05902079141515762 0.0954653937947494
