0 0.9834171707081683 0.6312649164677804 0.03316565858366349 0.11217183770883055
0 0.9346411824626142 0.6963007159904535 0.06706908115358823 0.1109785202863961
0 0.979057680433185 0.39976133651551315 0.04188463913362994 0.12887828162291165
0 0.9339704916510784 0.5578758949880668 0.06438631790744465 0.1181384248210024
0 0.6908450724693211 0.8812649164677804 0.07444668008048283 0.13961813842482107
0 0.025000001023392962 0.9289976133651552 0.050000002046785924 0.12291169451073991
0 0.06509054530634327 0.26730310262529833 0.05835010060362173 0.116945107398568
0 0.1653588216309576 0.26312649164677804 0.06841046277665994 0.12768496420047734
0 0.316599599632299 0.4665871121718377 0.07042253521126762 0.11933174224343673
0 0.6324949718656994 0.2971360381861575 0.07578806170355468 0.13603818615751787
0 0.5956069772312259 0.7613365155131264 0.06773977196512404 0.12410501193317425
0 0.583869888029348 0.8573985680190931 0.06304493628437291 0.12768496420047737
