0 0.9265928927241837 0.7052505966587113 0.07109322602280344 0.116945107398568
0 0.015274984256122674 0.818019093078759 0.030549968512245347 0.13723150357995229
0 0.18044936489051497 0.9689737470167065 0.06908115358819583 0.06205250596658707
0 0.4752179765605351 0.9409307875894988 0.07109322602280349 0.11813842482100234
0 0.6157277015773024 0.9301909307875895 0.06908115358819578 0.12768496420047737
0 0.9001006056685164 0.9051312649164678 0.07176391683433936 0.14200477326968963
0 0.9860999339543118 0.40990453460620524 0.02780013209137633 0.12529832935560858
0 0.9135144218992339 0.6545346062052506 0.0731052984574112 0.12529832935560858
0 0.7240442676403473 0.7804295942720764 0.07109322602280355 0.13842482100238662
0 0.6811200557020508 0.8884248210023866 0.07243460764587528 0.13007159904534604
0 0.9024480235088919 0.266109785202864 0.07780013413816234 0.1360381861575179
0 0.9430248176068128 0.1760143198090692 0.0663983903420523 0.11575178997613365
0 0.8186116720669067 0.35381861575178997 0.06572769953051649 0.11575178997613367
0 0.7800469504035934 0.1867541766109785 0.07712944332662641 0.12529832935560858
0 0.7455063736094956 0.39797136038186154 0.06706908115358823 0.13245823389021477
0 0.5332327317583889 0.7410501193317423 0.06371562709590883 0.116945107398568
0 0.02432931021185708 0.40274463007159905 0.04865862042371416 0.11336515513126488
0 0.030030182109912075 0.5334128878281623 0.06006036421982415 0.13126491646778043
0 0.0637491636832715 0.6282816229116945 0.059691482226693494 0.11813842482100234
0 0.11773977401190999 0.5471360381861575 0.06572769953051642 0.1062052505966587
0 0.14154929782143383 0.45763723150357993 0.0637156270959088 0.1276849642004773
0 0.09426559560815413 0.1276849642004773 0.061703554661301147 0.11933174224343676
0 0.23008048494417022 0.06026252983293556 0.07981220657276997 0.12052505966587113
0 0.4011066418858201 0.10918854415274463 0.07444668008048294 0.13007159904534607
0 0.49634473712391536 0.12768496420047734 0.06505700871898057 0.11455847255369929
0 0.584540578840884 0.30369928400954654 0.07377598926894702 0.12768496420047734
0 0.46884641385094417 0.568019093078759 0.06505700871898051 0.12171837708830546
0 0.3430918866879663 0.6175417661097852 0.06706908115358817 0.13723150357995229
0 0.26361502552096433 0.7541766109785203 0.07176391683433936 0.12649164677804303
0 0.2719986606651629 0.6551312649164678 0.06975184439973173 0.11694510739856812
0 0.28641851311318434 0.8490453460620525 0.06237424547283704 0.11336515513126488
0 0.3655600288744184 0.8371121718377088 0.06237424547283704 0.1229116945107398
