0 0.4618041603298174 0.964200477326969 0.06706908115358817 0.0715990453460621
0 0.9255868565068799 0.5143198090692125 0.0731052984574111 0.1408114558472554
0 0.8645539926571146 0.7404534606205251 0.06371562709590883 0.11097852028639621
0 0.7052649249173426 0.6247016706443913 0.08450704225352113 0.18496420047732698
0 0.6821260919193547 0.47076372315035797 0.06773977196512404 0.12052505966587113
0 0.2240442676403473 0.49522673031026254 0.05700871898054996 0.1002386634844869
0 0.20392354329427081 0.3764916467780429 0.07847082494969818 0.14916467780429593
0 0.19486921733853643 0.18556085918854415 0.07377598926894702 0.13245823389021483
0 0.3320254882976243 0.10620525059665871 0.05164319248826288 0.1026252983293556
0 0.4886317927912527 0.37410501193317425 0.0751173708920187 0.14439140811455847
0 0.5878940328985632 0.1873508353221957 0.057679409792085856 0.12171837708830549
0 0.6351777351118428 0.1575178997613365 0.07042253521126762 0.10978520286396182
0 0.7579141536229093 0.1945107398568019 0.057008718980550044 0.10023866348448687
