0 0.7404761925229764 0.8192124105011933 0.06773977196512415 0.13723150357995229
0 0.9286049651587913 0.9128878281622912 0.06572769953051638 0.14319809069212408
0 0.9653085187966994 0.6378281622911695 0.06938296240660102 0.1252983293556087
0 0.9733568085351301 0.5620525059665871 0.05328638292973986 0.12410501193317425
0 0.9780516442158812 0.441527446300716 0.0438967115682376 0.116945107398568
0 0.9420187813895089 0.29534606205250596 0.05902079141515759 0.11813842482100237
0 0.9483903440990997 0.07637231503579953 0.0731052984574111 0.1360381861575179
0 0.9001006056685164 0.1837708830548926 0.06908115358819578 0.13842482100238662
0 0.7773641871574499 0.5328162291169452 0.07847082494969815 0.1348448687350835
0 0.6314889356483956 0.7100238663484486 0.06036217303822933 0.10739856801909309
0 0.41150234946462627 0.7953460620525059 0.0643863179074447 0.12291169451073991
0 0.3665660650917222 0.7225536992840096 0.0643863179074447 0.13007159904534604
0 0.4306170375933989 0.6789976133651552 0.06505700871898057 0.12410501193317425
0 0.21968477736536407 0.763126491646778 0.07511737089201878 0.13245823389021472
0 0.18581489138280202 0.9397374701670644 0.06371562709590878 0.12052505966587113
0 0.038933603656443876 0.9451073985680192 0.07042253521126761 0.10978520286396176
0 0.10600268481003208 0.9116945107398569 0.06639839034205232 0.11933174224343668
0 0.11572770157730236 0.7213603818615753 0.07511737089201877 0.13245823389021483
0 0.14289067944450556 0.49522673031026254 0.07176391683433939 0.11694510739856795
0 0.12444668212726881 0.3568019093078759 0.06036217303822937 0.10739856801909303
0 0.02768276426953649 0.16706443914081145 0.05536552853907298 0.116945107398568
0 0.17307176596362026 0.0554892601431981 0.058350100603621724 0.10620525059665872
0 0.5587189825967525 0.03639618138424821 0.07444668008048294 0.07279236276849642
0 0.6318242810541636 0.14200477326968974 0.06908115358819589 0.14081145584725535
0 0.4966800825296833 0.08532219570405727 0.07780013413816228 0.11813842482100238
0 0.45140845275101127 0.2159904534606205 0.07578806170355468 0.13603818615751792
0 0.4447015446356525 0.360381861575179 0.06371562709590878 0.11217183770883055
0 0.4202213300145927 0.4266109785202864 0.06036217303822938 0.10620525059665875
0 0.5198189155276712 0.19689737470167062 0.06639839034205236 0.11933174224343676
0 0.16737089406556527 0.3723150357995227 0.06841046277665996 0.116945107398568
0 0.6210932280695894 0.48687350835322196 0.07578806170355468 0.13842482100238662
0 0.9145204581165378 0.5686157517899761 0.07377598926894702 0.1229116945107398
