0 0.9783869896216492 0.44152744630071594 0.04322602075670168 0.13842482100238657
0 0.32833668883417694 0.9301909307875895 0.08450704225352113 0.13723150357995229
0 0.9567739792432983 0.5095465393794749 0.06841046277665996 0.13126491646778038
0 0.6593226043271347 0.8627684964200477 0.059691482226693515 0.1050119331742243
0 0.6304828994310918 0.7153937947494033 0.0731052984574111 0.14439140811455853
0 0.9182092575799852 0.8842482100238663 0.06908115358819578 0.1288782816229117
0 0.5429577485256591 0.9355608591885441 0.08450704225352113 0.1288782816229117
0 0.7015761254538952 0.6640811455847255 0.06908115358819589 0.13245823389021472
0 0.9332998008395426 0.7064439140811456 0.06304493628437291 0.11217183770883055
0 0.850804831020629 0.7070405727923628 0.06975184439973181 0.13961813842482096
0 0.6512743145887041 0.9266109785202864 0.05700871898054993 0.10381861575178997
0 0.7277330671037946 0.8281622911694511 0.07578806170355468 0.13126491646778038
0 0.6546277686463835 0.746420047732697 0.0731052984574112 0.13245823389021483
0 0.6361837713291467 0.29176610978520284 0.07109322602280355 0.1324582338902148
0 0.7686452066074834 0.30250596658711215 0.0731052984574111 0.1324582338902148
0 0.6371898075464506 0.15930787589498807 0.06908115358819589 0.12529832935560858
0 0.5090878625430971 0.32279236276849643 0.06639839034205236 0.1181384248210024
0 0.4611334695182816 0.9170644391408115 0.07109322602280349 0.11336515513126488
0 0.3122401093573157 0.6676610978520287 0.06036217303822938 0.12052505966587113
0 0.11069752049078324 0.08651551312649164 0.07310529845741114 0.1467780429594272
0 0.034389672384895306 0.15811455847255368 0.06877934476979061 0.12529832935560858
0 0.09460094101392208 0.584128878281623 0.05835010060362174 0.1109785202863961
0 0.20828303356925407 0.4809069212410501 0.07243460764587523 0.14319809069212408
0 0.15093896918293617 0.26670644391408116 0.06908115358819585 0.11813842482100237
0 0.14054326160413 0.2965393794749403 0.0670690811535882 0.11575178997613364
0 0.26193829849212463 0.22852028639618138 0.06706908115358823 0.12529832935560858
0 0.37930919051090395 0.15214797136038186 0.06572769953051644 0.12529832935560858
0 0.5194835701219033 0.06443914081145585 0.07511737089201875 0.0954653937947494
0 0.6935278357154646 0.06921241050119332 0.06908115358819578 0.1288782816229117
