0 0.9663145550140033 0.9116945107398569 0.06737088997199336 0.1288782816229116
0 0.9504024165337075 0.5 0.0731052984574111 0.13842482100238662
0 0.8501341402090932 0.3585918854415274 0.07109322602280355 0.12291169451073986
0 0.6170690832003741 0.18914081145584727 0.06505700871898057 0.13484486873508353
0 0.6073440664331038 0.31622911694510736 0.06438631790744465 0.13126491646778043
0 0.09761904966583354 0.02386634844868735 0.06841046277665996 0.0477326968973747
0 0.390710934307014 0.18556085918854415 0.07377598926894702 0.13007159904534604
0 0.038413817254110603 0.9630071599045347 0.07682763450822121 0.07398568019093077
0 0.2579141536229093 0.684964200477327 0.07243460764587525 0.1288782816229117
0 0.5791750523485968 0.8025059665871122 0.0590207914151577 0.10381861575178997
