0 0.5459758571775706 0.9743436754176611 0.07847082494969826 0.051312649164677815
0 0.9607981241125136 0.837708830548926 0.05902079141515759 0.11455847255369933
0 0.8045271650246532 0.1062052505966587 0.07243460764587528 0.1312649164677804
0 0.8900402434954781 0.10381861575178997 0.07847082494969815 0.1360381861575179
0 0.9557679430259945 0.548926014319809 0.08249496981891347 0.14319809069212414
0 0.6338363534887712 0.7243436754176611 0.07578806170355468 0.12649164677804303
0 0.5781690161312929 0.8836515513126492 0.07444668008048294 0.1229116945107398
0 0.3813212629455116 0.9236276849642004 0.06036217303822938 0.11933174224343679
0 0.3139168363861555 0.9367541766109785 0.0663983903420523 0.11217183770883055
0 0.34644534074564576 0.860381861575179 0.05902079141515759 0.11933174224343668
0 0.42525151110111187 0.6044152744630071 0.059691482226693515 0.09427207637231505
0 0.42424547488380804 0.5035799522673031 0.06841046277665996 0.11217183770883055
0 0.17541918380399585 0.7995226730310263 0.06706908115358817 0.12649164677804292
0 0.30385647421311723 0.4904534606205251 0.06505700871898057 0.11217183770883055
0 0.3340375607322319 0.28758949880668255 0.0677397719651241 0.13365155131264914
0 0.43900067273759746 0.12231503579952267 0.06304493628437291 0.11575178997613364
0 0.6220992642868932 0.08054892601431982 0.0764587525150906 0.14439140811455847
0 0.6952045627443044 0.48150357995226734 0.06438631790744476 0.1300715990453461
0 0.7156606324961488 0.6628878281622912 0.07444668008048283 0.13007159904534604
0 0.15563380486368733 0.5393794749403341 0.06237424547283703 0.11933174224343673
0 0.03137156373298384 0.3192124105011933 0.06274312746596768 0.13245823389021483
0 0.22303823142304346 0.18854415274463004 0.06841046277665996 0.12171837708830549
0 0.07816901613129297 0.11515513126491647 0.06975184439973173 0.12052505966587113
