0 0.03506036319643119 0.9689737470167065 0.07012072639286238 0.06205250596658707
0 0.20325285248273495 0.37410501193317425 0.0677397719651241 0.11575178997613361
0 0.35885312075905956 0.9492840095465394 0.07712944332662641 0.10143198090692129
0 0.40345405972619575 0.9307875894988067 0.06706908115358817 0.12410501193317414
0 0.606673375621568 0.8556085918854415 0.07914151576123407 0.14319809069212408
0 0.9104963132473225 0.970763723150358 0.07243460764587528 0.05847255369928406
0 0.9666499004197713 0.8514319809069213 0.06670019916045755 0.13245823389021483
0 0.8819919537570475 0.7834128878281623 0.07042253521126762 0.10859188544152742
0 0.8330315245149281 0.7058472553699284 0.07176391683433936 0.11813842482100234
0 0.9081488954069469 0.4468973747016706 0.05432595573440646 0.10859188544152742
0 0.8119047639515478 0.331145584725537 0.07377598926894702 0.13245823389021477
0 0.805197855836189 0.44331742243436756 0.0697518443997317 0.12052505966587113
0 0.7471831006383352 0.6998806682577565 0.07712944332662641 0.12768496420047726
0 0.05603621935060886 0.9242243436754176 0.048289738430583505 0.09427207637231505
0 0.1667002032540294 0.6760143198090691 0.06572769953051641 0.11575178997613367
0 0.35617035751291604 0.8162291169451075 0.0731052984574111 0.11933174224343668
0 0.5614017458428959 0.6175417661097852 0.06505700871898057 0.12768496420047737
0 0.46750503222787243 0.574582338902148 0.1267605633802817 0.22792362768496421
0 0.4504024165337075 0.37828162291169454 0.07780013413816228 0.1360381861575179
0 0.49567404631237955 0.3585918854415274 0.07176391683433941 0.12529832935560858
0 0.4618041603298174 0.23150357995226728 0.07645875251509054 0.13365155131264914
0 0.5426224031198912 0.17004773269689738 0.06505700871898057 0.12052505966587113
0 0.4426894722010448 0.03639618138424821 0.08115358819584173 0.07279236276849642
0 0.18916834544048144 0.06443914081145584 0.07176391683433939 0.12171837708830548
0 0.23812877468260082 0.22911694510739855 0.07310529845741115 0.13842482100238662
0 0.28977196717086373 0.17720763723150357 0.06103286384976525 0.10381861575179
0 0.03304829076182354 0.33591885441527447 0.06609658152364709 0.1276849642004773
0 0.10533199399849619 0.513126491646778 0.07310529845741115 0.14319809069212414
0 0.2455063736094955 0.5220763723150358 0.07310529845741112 0.13961813842482096
