0 0.6868209276001058 0.4940334128878282 0.09590878604963116 0.171837708830549
0 0.8085513098938684 0.6229116945107398 0.04560697518444001 0.08353221957040569
0 0.5010395728046666 0.613961813842482 0.08115358819584173 0.14200477326968974
0 0.5848759242466517 0.75 0.07042253521126762 0.13723150357995229
0 0.19285714490392877 0.9099045346062052 0.10060362173038229 0.18019093078758952
0 0.06509054530634326 0.3168257756563246 0.06908115358819583 0.11575178997613367
0 0.04932931123525004 0.22673031026252982 0.05633802816901409 0.09785202863961814
0 0.3414151596591266 0.2834128878281623 0.06908115358819583 0.1252983293556086
0 0.48226023008166186 0.4564439140811456 0.0784708249496982 0.1420047732696897
0 0.6294768632137879 0.3448687350835322 0.06572769953051649 0.12171837708830546
0 0.8675721013090261 0.15572792362768495 0.07511737089201875 0.13484486873508353
