0 0.022987928588785317 0.11933174224343676 0.045975857177570634 0.13126491646778043
0 0.02097585615417767 0.7565632458233891 0.04195171230835534 0.1312649164677805
0 0.2223675406115076 0.818019093078759 0.07109322602280346 0.12768496420047737
0 0.33001341586301663 0.8150357995226731 0.07578806170355468 0.116945107398568
0 0.30788061908233255 0.7046539379474941 0.0677397719651241 0.12529832935560858
0 0.3320254882976243 0.5686157517899761 0.07042253521126762 0.12529832935560858
0 0.23578135684222523 0.6610978520286397 0.06572769953051641 0.11455847255369933
0 0.08957075992740296 0.4170644391408115 0.07645875251509054 0.1276849642004773
0 0.1660295124424935 0.25715990453460624 0.08584842387659287 0.14439140811455847
0 0.40513078675503544 0.40990453460620524 0.06505700871898051 0.12052505966587113
0 0.4436955084183486 0.6909307875894988 0.07511737089201881 0.11455847255369933
0 0.9629611009563239 0.7321002386634845 0.07407779808735226 0.13723150357995229
0 0.8940643883646933 0.8323389021479715 0.0663983903420523 0.12529832935560858
0 0.8293427250514808 0.3866348448687351 0.07511737089201875 0.14081145584725535
0 0.7438296465806558 0.05906921241050119 0.07712944332662641 0.11813842482100238
0 0.5302146231064774 0.2171837708830549 0.06572769953051644 0.12171837708830549
0 0.6284708269964842 0.2649164677804296 0.07176391683433936 0.12649164677804295
0 0.5848759242466518 0.3788782816229117 0.07176391683433936 0.13961813842482101
