0 0.8809859175397436 0.964200477326969 0.07914151576123407 0.0715990453460621
0 0.9733568085351301 0.8204057279236276 0.05328638292973986 0.13723150357995229
0 0.9208920208261286 0.9075178997613365 0.06908115358819589 0.12529832935560858
0 0.7837357498670408 0.09665871121718377 0.07109322602280355 0.12410501193317422
0 0.7693158974190193 0.7577565632458234 0.06237424547283699 0.11933174224343679
0 0.4309523829991669 0.9242243436754176 0.07243460764587528 0.13007159904534615
0 0.2518779363190864 0.8042959427207637 0.06841046277665996 0.13603818615751784
0 0.1774312562386035 0.7923627684964201 0.07377598926894702 0.13365155131264916
0 0.15060362377716824 0.6634844868735084 0.06438631790744467 0.12649164677804303
0 0.09191817776777854 0.6282816229116945 0.0704225352112676 0.11575178997613367
0 0.18648558219433792 0.548926014319809 0.06773977196512407 0.12887828162291165
0 0.24483568279795964 0.5620525059665871 0.06773977196512407 0.12171837708830557
0 0.13316566267723529 0.39558472553699287 0.06975184439973171 0.12052505966587113
0 0.29882629312659814 0.0698090692124105 0.07243460764587528 0.1276849642004773
0 0.34678068615141366 0.18794749403341288 0.07176391683433941 0.11813842482100237
0 0.33571428776107165 0.3317422434367542 0.06438631790744465 0.1288782816229117
0 0.543963784742963 0.5441527446300716 0.05030181086519114 0.10262529832935557
