0 0.02868880048684031 0.961217183770883 0.05737760097368062 0.07756563245823389
0 0.9500670711279395 0.9791169451073986 0.06304493628437291 0.0417661097852029
0 0.6117035567080871 0.9468973747016707 0.06908115358819589 0.10620525059665875
0 0.6160630469830704 0.7881861575178998 0.06706908115358823 0.12768496420047737
0 0.396411806205069 0.9558472553699284 0.06908115358819583 0.08830548926014314
0 0.32364185315342575 0.9600238663484486 0.0697518443997317 0.07995226730310268
0 0.5124413166007765 0.7016706443914081 0.07712944332662647 0.12171837708830546
0 0.5597250188140562 0.9116945107398569 0.06572769953051649 0.12410501193317425
0 0.6781019470501394 0.7040572792362769 0.0731052984574112 0.1312649164677805
0 0.600972503723513 0.6473747016706444 0.07176391683433936 0.1229116945107398
0 0.5962776680427617 0.4946300715990454 0.07847082494969826 0.13961813842482101
0 0.5697853809870944 0.2732696897374701 0.06841046277665996 0.11933174224343673
0 0.5872233420870274 0.3609785202863962 0.07377598926894702 0.12529832935560864
0 0.33101945208032046 0.4892601431980907 0.061703554661301174 0.116945107398568
0 0.37360831861284893 0.4880668257756563 0.0677397719651241 0.11933174224343673
0 0.3876928256551025 0.3436754176610979 0.0731052984574111 0.1360381861575179
0 0.36757210130902607 0.6097852028639619 0.06908115358819583 0.1288782816229116
0 0.28809524014202403 0.9027446300715991 0.06572769953051644 0.11813842482100234
0 0.8383970510072152 0.9421241050119331 0.07042253521126762 0.11575178997613367
0 0.872937627801313 0.785799522673031 0.07377598926894702 0.13723150357995229
0 0.9564386338375304 0.6366348448687351 0.0731052984574111 0.14439140811455842
0 0.7441649919864237 0.46897374701670647 0.06841046277665996 0.12171837708830552
0 0.7636150255209644 0.23210023866348448 0.0523138832997988 0.1062052505966587
0 0.8125754547630837 0.3233890214797136 0.07377598926894702 0.13365155131264916
0 0.8880281710608704 0.2649164677804296 0.06773977196512404 0.13365155131264916
0 0.9673205912313071 0.2869928400954654 0.06535881753738582 0.13007159904534604
0 0.9746981901582018 0.22673031026252982 0.05060361968359639 0.11933174224343676
0 0.9316230738107028 0.041766109785202864 0.07176391683433936 0.08353221957040573
0 0.6777666016443714 0.04116945107398568 0.07511737089201875 0.08233890214797136
0 0.5419517123083554 0.0256563245823389 0.06908115358819589 0.0513126491646778
0 0.47186452250285565 0.07995226730310262 0.06572769953051638 0.116945107398568
0 0.3853454078147269 0.17004773269689738 0.07377598926894702 0.1276849642004773
0 0.3430918866879663 0.07040572792362769 0.06975184439973175 0.12171837708830549
0 0.2780348779689858 0.14916467780429593 0.08048289738430583 0.13126491646778043
0 0.29379611204007905 0.2529832935560859 0.0677397719651241 0.12410501193317422
0 0.30553320124195693 0.7869928400954653 0.06572769953051644 0.11575178997613367
0 0.22370892223457936 0.8227923627684964 0.07109322602280349 0.1229116945107398
0 0.16737089406556527 0.6927207637231503 0.06706908115358817 0.12529832935560858
0 0.21834339574229228 0.5447494033412887 0.06841046277665994 0.12291169451073991
0 0.13953722538682617 0.6056085918854415 0.06505700871898057 0.13723150357995217
0 0.01393360263305091 0.7786396181384247 0.02786720526610182 0.14200477326968974
0 0.07146210801593414 0.34188544152744627 0.07645875251509054 0.14439140811455847
0 0.12444668212726882 0.3335322195704057 0.05902079141515762 0.12291169451073986
0 0.15261569621177587 0.2893794749403341 0.07243460764587524 0.12768496420047734
0 0.18816230922317762 0.035202863961813845 0.07511737089201878 0.07040572792362769
0 0.045975857177570634 0.12052505966587113 0.0670690811535882 0.12410501193317422
0 0.014058460560879966 0.01767241379310345 0.02811692112175993 0.0353448275862069
