1 0.24852448226140697 0.027446300715990454 0.07780013413816228 0.05489260143198091
2 0.03490945878722857 0.2881861575178998 0.06908115358819583 0.1276849642004773
2 0.40244802350889186 0.4743436754176611 0.06639839034205236 0.13245823389021477
2 0.055700873944840926 0.964200477326969 0.07176391683433937 0.0715990453460621
2 0.05704225556791269 0.753579952267303 0.07176391683433937 0.13245823389021483
2 0.13517773511184294 0.6014319809069213 0.061703554661301147 0.11933174224343668
2 0.2193494319595961 0.7798329355608591 0.05969148222669349 0.12529832935560858
1 0.36019450238213135 0.6342482100238664 0.0677397719651241 0.13245823389021483
1 0.5372568766276042 0.6384248210023866 0.0731052984574111 0.14319809069212408
2 0.8246478893707296 0.4087112171837709 0.06170355466130106 0.12291169451073986
2 0.560395709625592 0.38126491646778043 0.06170355466130106 0.1348448687350835
2 0.36522468346865045 0.28102625298329353 0.07243460764587528 0.1276849642004773
1 0.9703386998832186 0.13126491646778043 0.05932260023356284 0.13126491646778043
1 0.9606136831159483 0.5662291169451074 0.0787726337681034 0.14677804295942715
