0 0.7572434628113734 0.9683770883054892 0.05030181086519114 0.06324582338902152
0 0.9716800815062904 0.6855608591885443 0.056639836987419256 0.12529832935560858
0 0.9733568085351301 0.5435560859188544 0.05328638292973986 0.19451073985680195
0 0.9666499004197713 0.7583532219570406 0.06670019916045755 0.13723150357995229
0 0.8612005385994352 0.7547732696897375 0.07444668008048294 0.12768496420047737
0 0.06676727233518298 0.931980906921241 0.07780013413816231 0.13603818615751795
0 0.14590878809641705 0.9218377088305489 0.07243460764587525 0.13007159904534604
0 0.3380617056014472 0.9600238663484486 0.06908115358819583 0.07995226730310268
0 0.5791750523485968 0.8090692124105012 0.06841046277665996 0.11933174224343679
0 0.7662977887671079 0.532816229116945 0.06438631790744465 0.11097852028639615
0 0.8414151596591266 0.05071599045346062 0.07511737089201875 0.10143198090692124
0 0.8273306526168731 0.2398568019093079 0.06975184439973181 0.10978520286396182
0 0.7076123427577181 0.29653937947494036 0.06773977196512415 0.1276849642004773
0 0.6200871918522856 0.14081145584725538 0.06438631790744465 0.11933174224343675
0 0.40211267810312395 0.4922434367541766 0.05365526492287054 0.10143198090692124
0 0.34376257749950223 0.03579952267303103 0.06706908115358823 0.07159904534606205
0 0.37260228239554516 0.1181384248210024 0.06170355466130112 0.10978520286396183
0 0.435982564085686 0.4087112171837709 0.07042253521126762 0.12529832935560858
0 0.2793762595920576 0.45883054892601427 0.0643863179074447 0.12052505966587107
0 0.20828303356925407 0.34844868735083534 0.06841046277665996 0.1288782816229117
