0 0.04932931123525004 0.1807875894988067 0.0670690811535882 0.12052505966587113
0 0.9470489624760281 0.9588305489260143 0.06505700871898046 0.08233890214797135
0 0.9837525161139362 0.4003579952267303 0.03249496777212757 0.12529832935560858
0 0.3430918866879663 0.9731503579952268 0.07645875251509054 0.05369928400954649
0 0.7502012092902467 0.9665871121718377 0.06975184439973181 0.06682577565632464
0 0.9463782716644922 0.6205250596658711 0.059691482226693515 0.11455847255369922
0 0.8326961791091602 0.5960620525059666 0.07243460764587528 0.13723150357995229
0 0.8544936304840763 0.587708830548926 0.06908115358819589 0.15155131264916466
0 0.5369215312218363 0.6294749403341289 0.07511737089201881 0.13245823389021472
0 0.6063380302158 0.5 0.0731052984574112 0.13365155131264922
0 0.6609993313559744 0.38066825775656327 0.06841046277665996 0.11217183770883055
0 0.8108987277342441 0.4248210023866349 0.0663983903420523 0.11455847255369928
0 0.9730214631293621 0.2392601431980907 0.053957073741275785 0.1324582338902148
0 0.9111670040588583 0.13007159904534607 0.07914151576123407 0.1431980906921241
0 0.6636820946021179 0.06742243436754176 0.08316566063044939 0.13484486873508353
0 0.5634138182775035 0.36336515513126494 0.07444668008048294 0.12529832935560858
0 0.1667002032540294 0.961217183770883 0.07109322602280346 0.07756563245823389
0 0.016281020473426496 0.5769689737470167 0.03256204094685299 0.1348448687350835
0 0.15563380486368733 0.568019093078759 0.06103286384976525 0.116945107398568
0 0.17608987461553174 0.4647971360381862 0.07377598926894702 0.13723150357995229
0 0.13718980754645058 0.366945107398568 0.06304493628437291 0.11575178997613367
0 0.20057008923659142 0.09188544152744631 0.07444668008048289 0.12410501193317423
0 0.25858484443444524 0.032219570405727926 0.07377598926894705 0.06443914081145585
0 0.2870892039247202 0.06563245823389022 0.059691482226693515 0.10023866348448687
0 0.3756203910474566 0.1873508353221957 0.07176391683433941 0.11217183770883055
0 0.3548289758898443 0.331145584725537 0.07310529845741115 0.13484486873508356
0 0.43799463652029363 0.43675417661097854 0.0556673373574782 0.10739856801909309
