0 0.2592555352459811 0.9653937947494033 0.06975184439973173 0.06921241050119331
0 0.7109657968153975 0.21181384248210025 0.07042253521126762 0.14439140811455847
0 0.6187458102292138 0.9045346062052506 0.07914151576123407 0.1408114558472553
0 0.5473172388006424 0.5626491646778042 0.07042253521126762 0.13245823389021483
0 0.5198189155276712 0.6718377088305489 0.08115358819584167 0.13365155131264916
0 0.24248826495758405 0.6730310262529833 0.07645875251509054 0.13842482100238662
0 0.17206572974631645 0.6443914081145585 0.07377598926894699 0.12410501193317425
0 0.05704225556791269 0.3287589498806682 0.06908115358819585 0.12529832935560864
0 0.15060362377716824 0.32219570405727926 0.0670690811535882 0.13126491646778043
0 0.32598927099380137 0.2971360381861575 0.06908115358819583 0.13365155131264916
0 0.48058350305282216 0.12649164677804298 0.07511737089201881 0.1288782816229117
