0 0.014604293444586792 0.45584725536992843 0.029208586889173584 0.12410501193317419
0 0.018963783719570023 0.3198090692124105 0.037927567439140046 0.1288782816229117
0 0.9537558705913869 0.6963007159904535 0.059691482226693515 0.1109785202863961
0 0.7471831006383352 0.9194510739856803 0.07847082494969826 0.13245823389021483
0 0.6630114037905821 0.9659904534606205 0.0697518443997317 0.06801909307875897
0 0.5251844420199583 0.9504773269689737 0.07176391683433936 0.09904534606205251
0 0.6871562730058738 0.7607398568019093 0.06572769953051649 0.13245823389021483
0 0.7170020141192205 0.6336515513126492 0.06505700871898057 0.11455847255369922
0 0.8276659980226411 0.5626491646778042 0.05835010060362178 0.10620525059665875
0 0.8484574131802534 0.46539379474940334 0.06908115358819578 0.1336515513126491
0 0.9064721683781072 0.3866348448687351 0.06975184439973181 0.11455847255369928
0 0.7964788752862225 0.17899761336515513 0.07914151576123407 0.1288782816229117
0 0.6905097270635532 0.19689737470167062 0.06304493628437291 0.12410501193317422
0 0.6677062394713331 0.3132458233890215 0.05902079141515759 0.10859188544152748
0 0.5503353474525539 0.43914081145584727 0.06706908115358812 0.1288782816229117
0 0.4450368900414204 0.5763723150357996 0.06841046277665996 0.1288782816229117
0 0.316599599632299 0.75 0.06908115358819589 0.1252983293556087
0 0.03237759995028766 0.9009546539379475 0.06475519990057532 0.10978520286396187
0 0.12377599131573294 0.9278042959427207 0.06304493628437291 0.13007159904534604
0 0.0327129453560556 0.5984486873508353 0.0654258907121112 0.13723150357995229
0 0.05737760097368062 0.11336515513126491 0.07511737089201878 0.13365155131264916
0 0.4031187143204278 0.09248210023866349 0.06908115358819583 0.12052505966587113
0 0.21297786925000523 0.3556085918854415 0.07377598926894699 0.12649164677804292
