0 0.5865526512754915 0.9773269689737469 0.06706908115358812 0.04534606205250602
0 0.7478537914498711 0.7470167064439142 0.06773977196512404 0.12410501193317425
0 0.8259892709938014 0.8072792362768497 0.07109322602280344 0.1348448687350835
0 0.47052314087978386 0.892601431980907 0.07645875251509054 0.13365155131264916
0 0.28708920392472015 0.7786396181384247 0.07310529845741115 0.12768496420047726
0 0.33269617910916016 0.5190930787589498 0.0731052984574111 0.11933174224343673
0 0.027012073458000607 0.7309069212410502 0.054024146916001214 0.12768496420047726
0 0.15798122270406292 0.6509546539379475 0.06841046277665996 0.1229116945107398
0 0.034054326979127365 0.48448687350835323 0.06810865395825473 0.14319809069212408
0 0.03472501779066325 0.0662291169451074 0.0694500355813265 0.1324582338902148
0 0.3008383655612058 0.13066825775656327 0.07645875251509054 0.13484486873508356
0 0.39775318782814073 0.0733890214797136 0.06505700871898057 0.12052505966587113
0 0.48058350305282216 0.05369928400954654 0.07377598926894696 0.10739856801909307
0 0.4504024165337075 0.1760143198090692 0.07243460764587523 0.11575178997613365
0 0.6284708269964842 0.26252983293556087 0.07578806170355468 0.13842482100238665
0 0.7156606324961488 0.4928400954653938 0.07712944332662641 0.12410501193317425
0 0.9004359510742843 0.08591885441527446 0.0871898054996646 0.15990453460620524
0 0.936317909491454 0.18973747016706444 0.07042253521126762 0.12649164677804295
0 0.6938631811212326 0.24463007159904537 0.061703554661301174 0.12171837708830549
