0 0.7475184460441031 0.26133651551312653 0.04560697518444001 0.0883054892601432
0 0.34107981425335865 0.9731503579952268 0.07645875251509054 0.05369928400954649
0 0.16569416703672557 0.9737470167064439 0.07176391683433939 0.05250596658711215
0 0.29882629312659814 0.8651551312649165 0.06438631790744465 0.11933174224343679
0 0.10935613886771148 0.5292362768496419 0.06103286384976525 0.11813842482100234
0 0.2552313903767658 0.29415274463007157 0.06304493628437288 0.11575178997613364
0 0.2750167693170743 0.11694510739856803 0.07176391683433936 0.11933174224343676
0 0.4319584192164707 0.30250596658711215 0.06505700871898057 0.11336515513126494
0 0.708283033569254 0.12410501193317423 0.0838363514419852 0.14558472553699287
0 0.720020122771132 0.23031026252983294 0.07511737089201875 0.13603818615751787
0 0.7414822287402802 0.36217183770883055 0.07511737089201875 0.13007159904534604
0 0.9800637166504889 0.6109785202863962 0.03987256669902228 0.12410501193317425
0 0.8873574802493345 0.639618138424821 0.07712944332662641 0.1408114558472554
0 0.7874245493304881 0.6491646778042959 0.0663983903420523 0.12410501193317425
0 0.7518779363190864 0.928400954653938 0.07042253521126751 0.13603818615751784
