0 0.4899353973625242 0.32827586206896553 0.05736434108527133 0.13241379310344825
0 0.3147415989129118 0.40068965517241384 0.07906976744186045 0.13103448275862067
0 0.2845090407733769 0.2944827586206897 0.06821705426356589 0.12275862068965518
0 0.39071059116097384 0.4420689655172414 0.07906976744186045 0.14758620689655172
0 0.6453617539516715 0.3910344827586207 0.07364341085271309 0.13379310344827589
0 0.7050516764322916 0.27586206896551724 0.07674418604651156 0.13793103448275865
0 0.6879974128664001 0.13586206896551722 0.07674418604651156 0.12275862068965518
0 0.9848901793014171 0.030344827586206897 0.03021964139716571 0.060689655172413794
0 0.9345090407733769 0.034482758620689655 0.07054263565891472 0.06896551724137931
0 0.8713307461997335 0.05862068965517241 0.08062015503875963 0.11724137931034483
0 0.9337338469749273 0.943448275862069 0.06744186046511635 0.11310344827586205
0 0.9341214438741521 0.8206896551724139 0.06356589147286817 0.10206896551724143
0 0.9697739002316497 0.6848275862068965 0.06045219953670056 0.14482758620689662
0 0.8655167927113614 0.42068965517241375 0.07674418604651156 0.13517241379310346
0 0.8635788082152374 0.5455172413793103 0.06821705426356595 0.13103448275862073
0 0.6050516764322917 0.7096551724137932 0.06434108527131788 0.12827586206896557
0 0.5410981880601986 0.7979310344827586 0.06356589147286817 0.11724137931034484
0 0.5081524516260901 0.9165517241379311 0.06279069767441858 0.12275862068965515
0 0.25427648263384206 0.94 0.07441860465116279 0.12
0 0.2833462500757025 0.703448275862069 0.07519379844961238 0.13517241379310352
0 0.17133074619973354 0.5786206896551724 0.0635658914728682 0.1062068965517241
0 0.04846252914546996 0.5213793103448275 0.06744186046511627 0.11034482758620684
0 0.01667312503785126 0.38689655172413795 0.03334625007570252 0.12827586206896552
0 0.12404392449430718 0.15724137931034482 0.0806201550387597 0.11310344827586208
0 0.5430361725563226 0.031724137931034485 0.0736434108527132 0.06344827586206897
0 0.524431521393532 0.32620689655172413 0.06744186046511624 0.12
