0 0.9864352793600797 0.8920047732696897 0.027129441279840516 0.12768496420047737
0 0.1137156291426947 0.9647971360381862 0.06841046277665995 0.07040572792362765
0 0.5872233420870274 0.9713603818615753 0.07377598926894702 0.05727923627684961
0 0.6864855821943379 0.018496420047732696 0.07243460764587528 0.03699284009546539
0 0.029694836704144134 0.7488066825775657 0.05938967340828827 0.12529832935560858
0 0.05368880151023328 0.6587112171837709 0.07042253521126761 0.11217183770883055
0 0.06777330855248678 0.5035799522673031 0.06908115358819583 0.11933174224343679
0 0.05704225556791269 0.60381861575179 0.06639839034205232 0.10023866348448696
0 0.13316566267723529 0.5513126491646778 0.07377598926894702 0.1336515513126491
0 0.2109657968153976 0.5238663484486874 0.0697518443997317 0.13842482100238668
0 0.18044936489051497 0.26730310262529833 0.07042253521126762 0.116945107398568
0 0.026676728052232666 0.19749403341288782 0.05335345610446533 0.13245823389021477
0 0.1063380302158 0.05847255369928401 0.07511737089201878 0.11694510739856802
0 0.4091549316242507 0.02386634844868735 0.0663983903420523 0.0477326968973747
0 0.43497652786838215 0.15513126491646778 0.07243460764587523 0.13842482100238662
0 0.4296110013760951 0.4737470167064439 0.07109322602280349 0.11933174224343679
0 0.3383970510072152 0.4343675417661098 0.07377598926894702 0.12649164677804298
0 0.373272973207081 0.25596658711217185 0.05633802816901412 0.0918854415274463
0 0.2984909477208302 0.2744630071599045 0.07042253521126762 0.12887828162291168
0 0.20492957951157464 0.37708830548926014 0.0549966465459423 0.09069212410501193
0 0.1962105989616082 0.4737470167064439 0.0670690811535882 0.11455847255369928
0 0.2626089893036605 0.6700477326968974 0.0670690811535882 0.12529832935560858
0 0.2575788082171414 0.8227923627684963 0.07981220657276994 0.14200477326968974
0 0.3367203239783755 0.7959427207637232 0.07578806170355468 0.11217183770883055
0 0.17977867407897907 0.869928400954654 0.07444668008048291 0.1288782816229117
0 0.38333333538011927 0.9606205250596659 0.0818242790073776 0.07875894988066823
0 0.9400067089549013 0.9516706443914081 0.06170355466130106 0.09665871121718372
0 0.7387994654941367 0.8102625298329356 0.06841046277665996 0.1288782816229117
0 0.65194500540024 0.9152744630071599 0.07176391683433936 0.1408114558472554
0 0.5922535231735464 0.85381861575179 0.07042253521126762 0.13007159904534604
0 0.5694500355813265 0.6616945107398569 0.06103286384976525 0.12768496420047726
0 0.6328303172714673 0.6062052505966586 0.06438631790744465 0.13365155131264916
0 0.6941985265270005 0.6766109785202864 0.0663983903420523 0.11455847255369922
0 0.8119047639515478 0.6628878281622912 0.06706908115358823 0.13961813842482096
0 0.8102280369227082 0.4886634844868735 0.06505700871898046 0.12291169451073991
0 0.8246478893707296 0.1431980906921241 0.06841046277665996 0.1288782816229117
0 0.9827464798966323 0.38126491646778043 0.03450704020673523 0.12529832935560858
0 0.8715962461782414 0.17303102625298328 0.06572769953051638 0.13126491646778043
0 0.7351106660306893 0.29415274463007157 0.06505700871898057 0.11575178997613364
0 0.532226695541085 0.3764916467780429 0.07511737089201875 0.1276849642004773
0 0.48963782900855657 0.27386634844868735 0.06639839034205225 0.11336515513126488
0 0.4752179765605351 0.1545346062052506 0.06036217303822938 0.11336515513126491
