0 0.16234071297904615 0.9701670644391408 0.07042253521126762 0.059665871121718395
0 0.32196512612458605 0.961217183770883 0.05700871898054993 0.07756563245823389
0 0.9824111344908645 0.8824582338902148 0.03517773101827104 0.13961813842482096
0 0.5748155620736135 0.8681384248210025 0.06371562709590883 0.11813842482100234
0 0.6626760583848141 0.7911694510739857 0.07176391683433936 0.11455847255369933
0 0.8380617056014472 0.7995226730310263 0.06572769953051649 0.12410501193317425
0 0.964486923575961 0.5548926014319809 0.06505700871898057 0.13603818615751795
0 0.885010062408959 0.47136038186157514 0.06975184439973181 0.12171837708830546
0 0.8823272991628155 0.15692124105011934 0.07511737089201886 0.1324582338902148
0 0.736452047653761 0.04474940334128878 0.07042253521126762 0.08949880668257756
0 0.7582494990286772 0.14021479713603818 0.07243460764587517 0.13245823389021483
0 0.6760898746155317 0.4021479713603819 0.06908115358819589 0.13365155131264916
0 0.5275318598603339 0.6533412887828163 0.06841046277665996 0.12529832935560858
0 0.027347418863768548 0.3872315035799523 0.054694837727537096 0.1181384248210024
0 0.026676728052232666 0.538782816229117 0.05335345610446533 0.10143198090692129
0 0.06676727233518297 0.7607398568019093 0.05902079141515761 0.11575178997613367
0 0.3397384326302869 0.7243436754176611 0.06975184439973175 0.1288782816229117
0 0.3011737109669737 0.5602625298329356 0.0663983903420523 0.11575178997613356
0 0.35784708454175573 0.6097852028639619 0.06841046277665996 0.12410501193317425
0 0.48393695711050155 0.3884248210023866 0.06036217303822933 0.12052505966587113
0 0.6140509745484626 0.29952267303102625 0.06706908115358823 0.11933174224343676
0 0.5815224701889723 0.2064439140811456 0.0663983903420523 0.11217183770883055
0 0.3970824970166048 0.0513126491646778 0.07578806170355462 0.1026252983293556
0 0.16804158487710114 0.10739856801909307 0.07377598926894699 0.1360381861575179
0 0.14590878809641705 0.22792362768496421 0.07377598926894703 0.1312649164677804
0 0.1824614373251226 0.33233890214797135 0.07176391683433939 0.13245823389021483
0 0.23611670224799317 0.44749403341288785 0.07310529845741115 0.12171837708830552
0 0.1931924903096967 0.5328162291169452 0.06773977196512407 0.11575178997613367
