0 0.8816566083512796 0.9606205250596659 0.08182427900737754 0.07875894988066823
0 0.973692153940898 0.8174224343675418 0.05261569211820405 0.1408114558472554
0 0.7703219336363232 0.7517899761336515 0.06706908115358823 0.12410501193317425
0 0.9212273662318966 0.9003579952267303 0.06841046277665996 0.1229116945107398
0 0.5449698209602668 0.5352028639618138 0.05097250167672707 0.10143198090692124
0 0.4306170375933989 0.9176610978520287 0.07176391683433936 0.13126491646778038
0 0.2518779363190864 0.7989260143198091 0.07243460764587525 0.13245823389021483
0 0.1791079832674432 0.7905727923627686 0.07176391683433936 0.13007159904534615
0 0.1506036237771682 0.6605011933174224 0.06841046277665995 0.13007159904534604
0 0.09393025020238618 0.6252983293556086 0.07310529845741114 0.12649164677804303
0 0.13484238970607498 0.3872315035799523 0.07176391683433939 0.12052505966587113
0 0.18682092760010585 0.5459427207637231 0.06841046277665996 0.12529832935560858
0 0.24617706442103138 0.5566825775656324 0.06639839034205228 0.1181384248210024
0 0.3350435969495358 0.3275656324582339 0.06706908115358817 0.1348448687350835
0 0.34644534074564576 0.1807875894988067 0.06841046277665996 0.1181384248210024
0 0.29882629312659814 0.06324582338902147 0.07109322602280349 0.11933174224343675
0 0.7844064406785767 0.0889021479713604 0.07109322602280344 0.12291169451073987
