0 0.9783869896216492 0.11336515513126491 0.04322602075670168 0.13365155131264916
0 0.9733568085351301 0.15334128878281622 0.05328638292973986 0.11575178997613365
0 0.259590880651749 0.9594272076372314 0.07578806170355465 0.08114558472553701
0 0.6757545292097638 0.948090692124105 0.06438631790744465 0.10381861575178997
0 0.979057680433185 0.5781622911694511 0.04188463913362994 0.13723150357995229
0 0.8612005385994352 0.3573985680190931 0.07042253521126762 0.1348448687350835
0 0.5989604312889053 0.31085918854415273 0.07712944332662652 0.13484486873508356
0 0.6318242810541636 0.13842482100238662 0.07176391683433936 0.1360381861575179
0 0.4477196532875639 0.25119331742243434 0.06706908115358817 0.12291169451073986
0 0.7062709611346465 0.4301909307875895 0.0663983903420523 0.12052505966587113
0 0.6472501697194888 0.8031026252983293 0.06773977196512404 0.11217183770883055
0 0.5771629799139892 0.8257756563245824 0.07780013413816234 0.12649164677804292
0 0.509758553354633 0.873508353221957 0.05432595573440652 0.116945107398568
0 0.4614688149240495 0.788782816229117 0.0663983903420523 0.11694510739856812
0 0.5087525171373292 0.6718377088305489 0.07511737089201875 0.13126491646778038
0 0.31559356341499517 0.7356801909307876 0.07780013413816234 0.13723150357995229
0 0.3712609007724734 0.5900954653937948 0.07780013413816228 0.1348448687350836
0 0.31794098125537074 0.4170644391408115 0.06908115358819583 0.12052505966587107
0 0.1945338719327685 0.4880668257756563 0.0811535881958417 0.13126491646778038
0 0.2045942341058067 0.12649164677804298 0.07310529845741115 0.13603818615751792
0 0.05603621935060886 0.32935560859188545 0.06841046277665996 0.11933174224343679
0 0.214319250873077 0.37708830548926014 0.07243460764587523 0.13603818615751795
0 0.44403085382411656 0.4785202863961814 0.07176391683433936 0.12649164677804298
