0 0.05637156475637681 0.9152744630071599 0.05700871898054997 0.10023866348448685
0 0.9108316586530905 0.4325775656324582 0.06505700871898057 0.1181384248210024
0 0.03707243563103884 0.964200477326969 0.07414487126207768 0.0715990453460621
0 0.35918846616482747 0.9409307875894988 0.07645875251509054 0.11813842482100234
0 0.9108316586530905 0.961217183770883 0.0731052984574111 0.07756563245823389
0 0.9683266274486109 0.8383054892601431 0.06334674510277816 0.13961813842482107
0 0.8840040261916551 0.7744630071599046 0.07176391683433947 0.11933174224343679
0 0.833031524514928 0.6939140811455847 0.07042253521126762 0.11813842482100245
0 0.8065392374592608 0.4242243436754176 0.07243460764587517 0.1276849642004773
0 0.8149228726034593 0.32279236276849643 0.0731052984574112 0.13723150357995229
0 0.7495305184787109 0.6843675417661098 0.08182427900737765 0.13723150357995229
0 0.6083501026504077 0.8460620525059666 0.08115358819584173 0.14319809069212408
0 0.40378940513196365 0.9224343675417661 0.07176391683433936 0.12649164677804303
0 0.35851777535329166 0.8036992840095465 0.07243460764587523 0.11575178997613367
0 0.5630784728717356 0.6014319809069213 0.06572769953051649 0.12649164677804292
0 0.4695171046624801 0.5638424821002387 0.12139503688799463 0.21837708830548924
0 0.5017102636162024 0.3436754176610979 0.07042253521126768 0.12887828162291165
0 0.4507377619394754 0.3675417661097852 0.07176391683433936 0.12887828162291165
0 0.5459758571775706 0.15692124105011934 0.06773977196512415 0.12052505966587114
0 0.46348088735865717 0.21420047732696898 0.08920187793427237 0.14439140811455847
0 0.29279007582277516 0.16050119331742244 0.07109322602280349 0.10859188544152744
0 0.23779342927683286 0.2201670644391408 0.07109322602280349 0.1324582338902148
0 0.2478537914498711 0.5119331742243437 0.07109322602280349 0.13603818615751795
0 0.1683769302828691 0.6634844868735084 0.07444668008048289 0.12410501193317414
0 0.10566733940426412 0.5041766109785203 0.07645875251509054 0.1467780429594272
0 0.03606639941373502 0.3233890214797136 0.07213279882747003 0.1408114558472554
0 0.19084507246932114 0.056682577565632455 0.07109322602280349 0.11336515513126491
0 0.4480549986933319 0.028639618138424822 0.0731052984574111 0.057279236276849645
0 0.20258216167119908 0.36455847255369933 0.0704225352112676 0.1181384248210024
