0 0.02064051074840973 0.9278042959427207 0.04128102149681946 0.11097852028639621
0 0.012592221009979145 0.13961813842482101 0.02518444201995829 0.12410501193317422
0 0.9658283051990327 0.41408114558472553 0.03822937625754519 0.09307875894988066
0 0.9810697528677927 0.6700477326968974 0.037860494264414624 0.12529832935560858
0 0.7408115379287443 0.9236276849642004 0.08048289738430581 0.1408114558472554
0 0.919215293797289 0.6837708830548926 0.07511737089201875 0.1288782816229117
0 0.9696680090716827 0.03699284009546539 0.060663981856634575 0.07398568019093078
0 0.833366869920696 0.15811455847255368 0.07645875251509049 0.13484486873508353
0 0.7052649249173426 0.0441527446300716 0.06706908115358812 0.0883054892601432
0 0.7267270308864908 0.2571599045346062 0.06572769953051649 0.11097852028639618
0 0.612709592925391 0.3681384248210024 0.06170355466130106 0.11097852028639621
0 0.4893024836027886 0.6867541766109786 0.07243460764587528 0.11813842482100234
0 0.35751173913598777 0.8991646778042959 0.06639839034205236 0.12291169451073991
0 0.20794768816348613 0.8281622911694511 0.062374245472837014 0.13126491646778038
0 0.31190476395154787 0.48747016706443913 0.07310529845741115 0.11575178997613372
0 0.3863514440320307 0.42362768496420045 0.07444668008048289 0.13126491646778043
0 0.47890677602398246 0.18019093078758952 0.05030181086519114 0.10023866348448687
0 0.24584171901526344 0.041766109785202864 0.06170355466130112 0.08353221957040573
0 0.22303823142304346 0.22613365155131265 0.07511737089201875 0.13723150357995229
0 0.15865191351559882 0.256563245823389 0.0549966465459423 0.10262529832935563
