0 0.885010062408959 0.9546539379474941 0.07914151576123407 0.09069212410501193
0 0.9753688809697376 0.8036992840095465 0.049262238060524655 0.13961813842482107
0 0.924580820289576 0.8878281622911695 0.06572769953051649 0.12410501193317414
0 0.7733400422882346 0.7416467780429594 0.06103286384976525 0.11813842482100245
0 0.3008383655612058 0.057279236276849645 0.07645875251509054 0.11455847255369929
0 0.3491281039917893 0.17004773269689738 0.0818242790073776 0.12291169451073986
0 0.33739101478991135 0.31443914081145585 0.07042253521126762 0.13484486873508353
0 0.5479879296121783 0.5262529832935561 0.0556673373574782 0.1002386634844869
0 0.4329644554337745 0.9075178997613365 0.08048289738430586 0.1348448687350835
0 0.25556673578253375 0.7911694510739857 0.0690811535881958 0.1312649164677805
0 0.17944332867321117 0.7780429594272076 0.07511737089201878 0.13842482100238673
0 0.15194500540023997 0.6491646778042959 0.0670690811535882 0.12410501193317425
0 0.24651240982679934 0.545346062052506 0.07645875251509052 0.13126491646778043
0 0.19017438165778525 0.5352028639618138 0.06304493628437291 0.12529832935560864
0 0.13450704430030705 0.37768496420047737 0.07377598926894702 0.1276849642004773
0 0.09493628641969001 0.6151551312649164 0.06975184439973171 0.12291169451073991
0 0.7864185131131842 0.08054892601431982 0.07377598926894702 0.13007159904534607
