0 0.4876257565739489 0.2720763723150358 0.06371562709590878 0.10978520286396182
0 0.6546277686463835 0.13424821002386633 0.06908115358819589 0.13007159904534607
0 0.7994969839381341 0.06026252983293556 0.07444668008048294 0.12052505966587113
0 0.9504024165337075 0.5978520286396181 0.07176391683433936 0.1312649164677805
0 0.5885647237100992 0.7458233890214797 0.10865191146881292 0.17183770883054894
0 0.5057344084854177 0.675417661097852 0.07444668008048289 0.14319809069212408
0 0.3762910818589925 0.8090692124105012 0.06908115358819583 0.12171837708830546
0 0.02097585615417767 0.7332935560859188 0.04195171230835534 0.13007159904534604
0 0.05670691016214474 0.60381861575179 0.06572769953051644 0.13126491646778038
0 0.14322602485027353 0.610381861575179 0.0710932260228035 0.12529832935560858
0 0.15496311405215146 0.301909307875895 0.06639839034205232 0.116945107398568
