0 0.4708584862855518 0.8770883054892602 0.07712944332662647 0.11933174224343668
0 0.828336688834177 0.6312649164677804 0.06908115358819578 0.13603818615751784
0 0.816264254226531 0.8114558472553699 0.06505700871898057 0.12410501193317425
0 0.6449027518791133 0.9069212410501193 0.07109322602280355 0.13603818615751784
0 0.5986250858831373 0.8138424821002387 0.06841046277665996 0.1288782816229117
0 0.5399396398737477 0.6270883054892602 0.07176391683433936 0.13007159904534615
0 0.47890677602398246 0.6951073985680192 0.07444668008048289 0.13245823389021483
0 0.46415157817019304 0.798329355608592 0.06505700871898057 0.116945107398568
0 0.19889336220775172 0.9445107398568019 0.06572769953051644 0.11097852028639621
0 0.09828974047736944 0.22732696897374702 0.07511737089201878 0.13484486873508356
0 0.01762240209649826 0.15393794749403342 0.03524480419299652 0.13126491646778043
0 0.04109658050025413 0.3031026252983294 0.08219316100050826 0.1909307875894988
0 0.10499664859272825 0.38007159904534604 0.06841046277665996 0.12529832935560858
0 0.08521126965241974 0.5883054892601431 0.07847082494969819 0.1408114558472554
0 0.17541918380399585 0.6789976133651552 0.06706908115358817 0.12410501193317425
0 0.10063715831774502 0.7171837708830548 0.054325955734406434 0.09069212410501193
0 0.31425218179192344 0.6545346062052506 0.06841046277665996 0.13245823389021483
0 0.41284373108769806 0.4051312649164678 0.07377598926894702 0.13007159904534604
0 0.45778001546060215 0.48568019093078757 0.061703554661301174 0.10023866348448685
0 0.5848759242466518 0.3597852028639618 0.0731052984574112 0.12529832935560858
0 0.7354460114364574 0.3556085918854415 0.0697518443997317 0.12410501193317425
0 0.8853454078147269 0.5733890214797136 0.07981220657277 0.13723150357995229
0 0.9840878615197042 0.12291169451073986 0.031824276960591646 0.10262529832935562
0 0.8954057699877651 0.11336515513126492 0.0663983903420523 0.12649164677804298
0 0.6378604983579864 0.03341288782816229 0.06505700871898057 0.06682577565632458
0 0.7632796801151964 0.04355608591885442 0.059691482226693515 0.08711217183770883
0 0.7465124098267993 0.15632458233890215 0.06505700871898057 0.10978520286396182
