0 0.4758886673720709 0.9397374701670644 0.07243460764587523 0.12052505966587113
0 0.5084171717315612 0.8096658711217184 0.06505700871898051 0.12052505966587113
0 0.6301475540253239 0.7708830548926014 0.0697518443997317 0.11933174224343679
0 0.7589201898402131 0.9731503579952268 0.07511737089201875 0.05369928400954649
0 0.8648893380628826 0.7941527446300716 0.07377598926894702 0.13245823389021483
0 0.8343729061379999 0.584128878281623 0.07042253521126762 0.11813842482100234
0 0.7706572790420911 0.6175417661097853 0.06371562709590883 0.11813842482100234
0 0.8635479564398107 0.5149164677804297 0.061703554661301174 0.10859188544152742
0 0.9567739792432983 0.3824582338902148 0.07511737089201875 0.12529832935560864
0 0.8739436640186169 0.19689737470167062 0.06908115358819589 0.12887828162291168
0 0.5463112025833385 0.028042959427207637 0.07780013413816234 0.05608591885441527
0 0.8202883990957464 0.07577565632458234 0.06371562709590872 0.11575178997613365
0 0.013262911821515028 0.1473747016706444 0.026525823643030057 0.11097852028639617
0 0.023323273994553258 0.28042959427207637 0.046646547989106515 0.13365155131264916
0 0.06475519990057534 0.7386634844868736 0.09926224010731054 0.19331742243436756
0 0.13350100808300325 0.6778042959427207 0.07444668008048291 0.1288782816229117
0 0.3531522488610046 0.2852028639618138 0.07511737089201881 0.14558472553699284
0 0.2398055017114405 0.0918854415274463 0.06304493628437288 0.12171837708830549
