0 0.9848901793014171 0.5331034482758621 0.03021964139716571 0.1255172413793103
0 0.9899289389913397 0.4496551724137931 0.020142122017320685 0.10758620689655174
0 0.7608656299206638 0.953103448275862 0.06744186046511635 0.09379310344827585
0 0.4283074903857801 0.1510344827586207 0.06434108527131782 0.13379310344827589
0 0.46706718030826067 0.0503448275862069 0.07209302325581396 0.1006896551724138
0 0.3779198934865552 0.04206896551724138 0.06899224806201548 0.08413793103448276
0 0.3314082655795785 0.24344827586206896 0.06434108527131782 0.13379310344827589
0 0.19807493224624514 0.24758620689655175 0.06589147286821706 0.12000000000000002
0 0.10078811054081879 0.5206896551724138 0.06201550387596899 0.11172413793103442
0 0.114354002013687 0.3703448275862069 0.07364341085271318 0.12827586206896552
0 0.17171834309895834 0.3310344827586207 0.0674418604651163 0.12137931034482763
0 0.804276482633842 0.7848275862068965 0.07519379844961238 0.13793103448275856
0 0.8472997384477956 0.6427586206896552 0.05736434108527122 0.10758620689655163
0 0.9616343653479288 0.06137931034482759 0.07673126930414242 0.12275862068965518
0 0.7848966376726018 0.26206896551724135 0.06279069767441858 0.1268965517241379
0 0.5817958624788033 0.2303448275862069 0.0736434108527132 0.13517241379310344
0 0.5019509012384932 0.4096551724137931 0.0674418604651163 0.10206896551724137
0 0.34768733534702034 0.9006896551724137 0.06899224806201554 0.12689655172413794
0 0.3949741570524467 0.6448275862068965 0.06434108527131788 0.12275862068965515
0 0.06474159891291183 0.7117241379310345 0.07054263565891473 0.12413793103448278
