0 0.0603957096255921 0.07995226730310262 0.06103286384976526 0.11217183770883055
0 0.14020791619836204 0.045942720763723154 0.07310529845741114 0.09188544152744631
0 0.7555667357825337 0.0513126491646778 0.05097250167672707 0.1026252983293556
0 0.7176727049307564 0.053102625298329355 0.05700871898054993 0.10620525059665871
0 0.8726022823955452 0.9683770883054892 0.06773977196512404 0.06324582338902152
0 0.8541582850783084 0.785799522673031 0.06036217303822933 0.11097852028639621
0 0.7931254212285431 0.9391408114558473 0.057679409792085856 0.11933174224343679
0 0.6754191838039958 0.961217183770883 0.06773977196512415 0.07756563245823389
0 0.6257880637503406 0.8520286396181385 0.07042253521126762 0.1288782816229117
0 0.5761569436966854 0.7637231503579952 0.07444668008048294 0.13603818615751795
0 0.7954728390689187 0.5429594272076372 0.06908115358819589 0.12649164677804298
0 0.7096244151923259 0.6163484486873508 0.06371562709590883 0.11575178997613356
0 0.5741448712620776 0.6115751789976134 0.07042253521126762 0.12768496420047737
0 0.49936284577582685 0.6873508353221958 0.06304493628437291 0.12171837708830557
0 0.5010395728046666 0.5608591885441527 0.06371562709590883 0.12649164677804298
0 0.47991281224128624 0.308472553699284 0.07109322602280344 0.11575178997613367
0 0.9561032884317624 0.30668257756563244 0.07645875251509049 0.14081145584725538
0 0.7844064406785767 0.3031026252983294 0.06304493628437291 0.11694510739856803
0 0.5761569436966854 0.15155131264916466 0.06371562709590883 0.12171837708830549
0 0.5318913501353171 0.19928400954653935 0.07310529845741115 0.12410501193317422
0 0.5349094587872285 0.03579952267303103 0.09523809523809523 0.07159904534606205
0 0.44570758085295625 0.04713603818615752 0.07109322602280349 0.09427207637231504
0 0.3937290429589254 0.07875894988066826 0.059691482226693515 0.11933174224343673
0 0.390375588901246 0.20405727923627684 0.08115358819584173 0.13126491646778043
0 0.3139168363861555 0.17422434367541767 0.07444668008048294 0.1431980906921241
0 0.3216297807188181 0.05369928400954654 0.07243460764587523 0.10739856801909307
0 0.23745808387106493 0.16109785202863963 0.0663983903420523 0.1288782816229117
0 0.27937625959205753 0.15811455847255368 0.06304493628437288 0.13245823389021477
0 0.2116364876269335 0.24105011933174225 0.07109322602280346 0.12171837708830549
0 0.3367203239783755 0.7589498806682577 0.06371562709590878 0.1288782816229117
0 0.1962105989616082 0.7279236276849642 0.06438631790744467 0.11455847255369922
0 0.14087860700989793 0.574582338902148 0.06639839034205232 0.11813842482100234
0 0.07012072639286238 0.5 0.06975184439973173 0.13842482100238662
0 0.17105969352901262 0.34785202863961817 0.06908115358819583 0.11575178997613361
0 0.055030183133305044 0.29594272076372313 0.0744466800804829 0.13365155131264914
