0 0.5895707599274029 0.046539379474940336 0.07847082494969815 0.09307875894988067
0 0.5899061053331709 0.8729116945107398 0.08048289738430592 0.13961813842482107
0 0.561066400437128 0.7100238663484487 0.07377598926894702 0.13842482100238662
0 0.7287391033210985 0.7470167064439142 0.06036217303822933 0.11455847255369933
0 0.7502012092902467 0.8490453460620525 0.08048289738430592 0.13007159904534604
0 0.8957411153935331 0.8371121718377088 0.06975184439973181 0.13245823389021483
0 0.7776995325632179 0.5214797136038186 0.06841046277665996 0.1336515513126491
0 0.5650905453063433 0.318019093078759 0.06304493628437291 0.1300715990453461
0 0.6438967156618094 0.266109785202864 0.07847082494969815 0.1360381861575179
0 0.43631790949145394 0.06145584725536993 0.0697518443997317 0.11097852028639618
0 0.5027162998335062 0.29236276849642007 0.07377598926894702 0.1336515513126492
0 0.4490610349106357 0.6348448687350836 0.06438631790744465 0.11455847255369933
0 0.4460429262587242 0.5029832935560858 0.07981220657277 0.14439140811455842
0 0.38031522672820783 0.47076372315035797 0.0784708249496982 0.1467780429594272
0 0.04496982096026681 0.9021479713603818 0.07981220657276995 0.13842482100238662
0 0.16938296650017293 0.9367541766109786 0.07377598926894699 0.12649164677804292
0 0.33101945208032046 0.7267303102625299 0.06706908115358823 0.11217183770883055
0 0.30385647421311723 0.613961813842482 0.06371562709590878 0.1348448687350835
0 0.3531522488610046 0.266109785202864 0.0818242790073776 0.13126491646778043
0 0.24818913685563904 0.3627684964200477 0.07444668008048291 0.14081145584725535
0 0.0179577475022662 0.15632458233890217 0.0359154950045324 0.14319809069212414
0 0.0711267626101662 0.09785202863961814 0.06237424547283702 0.11933174224343675
0 0.2964788752862225 0.0990453460620525 0.06237424547283704 0.13842482100238662
0 0.4879611019797168 0.5787589498806682 0.0697518443997317 0.13126491646778038
0 0.5449698209602668 0.5823389021479713 0.061703554661301174 0.12410501193317414
0 0.05368880151023328 0.6020286396181385 0.07176391683433937 0.12768496420047726
0 0.04128102149681946 0.75 0.07914151576123407 0.13961813842482096
0 0.07448021666784563 0.4725536992840096 0.0784708249496982 0.14081145584725535
0 0.35751173913598777 0.16467780429594273 0.07310529845741115 0.13126491646778043
0 0.5758215982909174 0.1068019093078759 0.06438631790744465 0.13484486873508356
0 0.776693496345914 0.13007159904534604 0.0663983903420523 0.12410501193317422
0 0.828001343428409 0.03758949880668258 0.07109322602280355 0.07517899761336516
0 0.7508719001017826 0.04892601431980907 0.06841046277665996 0.09785202863961814
0 0.9356472186799181 0.4337708830548926 0.07444668008048283 0.13007159904534604
