0 0.015610329661890614 0.27804295942720764 0.03122065932378123 0.1288782816229117
0 0.12243460969266118 0.15334128878281622 0.07511737089201877 0.11575178997613365
0 0.03926894906221181 0.431980906921241 0.05633802816901408 0.1002386634844869
0 0.09862508588313737 0.2971360381861575 0.06371562709590879 0.12410501193317425
0 0.13350100808300322 0.45584725536992843 0.06371562709590878 0.12410501193317419
0 0.18346747354242643 0.6730310262529833 0.0670690811535882 0.12410501193317425
0 0.237122738465297 0.5859188544152745 0.07511737089201881 0.13603818615751795
0 0.5241784058026544 0.26670644391408116 0.0697518443997317 0.139618138424821
0 0.33269617910916016 0.7297136038186157 0.07042253521126762 0.13007159904534604
0 0.4410127451722051 0.5417661097852029 0.06975184439973175 0.12649164677804292
0 0.952749834374083 0.5674224343675418 0.07109322602280355 0.13245823389021483
0 0.9574446700548342 0.9463007159904535 0.07109322602280355 0.10739856801909309
0 0.7988262931265981 0.9140811455847255 0.06908115358819589 0.1288782816229117
0 0.9031187143204278 0.7523866348448687 0.07511737089201875 0.1348448687350835
0 0.8276659980226411 0.7064439140811456 0.06773977196512404 0.12410501193317425
0 0.7917840396054714 0.5889021479713604 0.07243460764587528 0.12052505966587113
0 0.9696680090716827 0.6825775656324582 0.060663981856634575 0.12171837708830546
0 0.952414488968315 0.24045346062052506 0.0663983903420523 0.12291169451073986
0 0.8011737109669737 0.19809069212410502 0.07109322602280355 0.1312649164677804
0 0.6274647907791803 0.08591885441527447 0.07511737089201875 0.1431980906921241
0 0.6324949718656994 0.019689737470167064 0.057008718980550044 0.03937947494033413
0 0.45476190680869066 0.04355608591885442 0.08115358819584167 0.08711217183770883
0 0.13215962645993146 0.09128878281622911 0.0663983903420523 0.12529832935560858
0 0.1854795459770341 0.2356801909307876 0.07109322602280349 0.13961813842482101
