0 0.1757545292097638 0.9731503579952268 0.0824949698189135 0.05369928400954649
0 0.5251844420199583 0.9421241050119331 0.05969148222669346 0.113365155131265
0 0.7911133487939355 0.7881861575178998 0.06841046277665996 0.1229116945107398
0 0.5406103306852836 0.8711217183770883 0.0663983903420523 0.12171837708830546
0 0.18849765462894555 0.2064439140811456 0.07310529845741115 0.13365155131264916
0 0.3001676747496699 0.4284009546539379 0.07109322602280349 0.11933174224343673
0 0.37126090077247337 0.366945107398568 0.06304493628437291 0.12052505966587113
0 0.3695841737436337 0.22971360381861577 0.06908115358819583 0.1252983293556086
0 0.5956069772312259 0.03281622911694511 0.0731052984574112 0.06563245823389022
0 0.6261234091561085 0.16766109785202865 0.06975184439973181 0.14200477326968974
0 0.7820590228382011 0.23687350835322196 0.06773977196512404 0.11575178997613367
0 0.8980885332339087 0.39737470167064437 0.06773977196512404 0.11455847255369928
0 0.8424211958764305 0.48508353221957046 0.06505700871898057 0.12291169451073986
