0 0.9726861177235941 0.581145584725537 0.05462776455281171 0.12171837708830546
0 0.91250838568193 0.5847255369928401 0.08182427900737765 0.13603818615751784
0 0.9386653273318295 0.3126491646778043 0.05902079141515759 0.11455847255369933
0 0.9453722354471883 0.09427207637231504 0.07645875251509049 0.13365155131264916
0 0.8977531878281407 0.19988066825775658 0.06975184439973181 0.13007159904534607
0 0.6190811556349818 0.5005966587112172 0.07981220657277 0.14439140811455847
0 0.5573776009736806 0.042362768496420046 0.0731052984574112 0.08472553699284009
0 0.6264587545618765 0.1587112171837709 0.07042253521126762 0.1431980906921241
0 0.5178068430930636 0.2106205250596659 0.06908115358819583 0.1252983293556086
0 0.4943326646893077 0.10441527446300716 0.07176391683433936 0.1181384248210024
0 0.44906103491063565 0.2309069212410501 0.07243460764587523 0.1324582338902148
0 0.4165325305511454 0.44272076372315033 0.06103286384976525 0.11217183770883055
0 0.43832998192606154 0.3788782816229117 0.0643863179074447 0.1062052505966587
0 0.026676728052232666 0.17899761336515513 0.05335345610446533 0.116945107398568
0 0.17307176596362028 0.06801909307875895 0.05700871898054996 0.10023866348448687
0 0.1660295124424935 0.3848448687350835 0.0697518443997317 0.1276849642004773
0 0.1217639188811253 0.37171837708830546 0.061703554661301147 0.11575178997613361
0 0.14121395241566587 0.5101431980906921 0.06706908115358821 0.11575178997613367
0 0.1838028189481944 0.9457040572792363 0.06639839034205233 0.10859188544152742
0 0.03625084041030035 0.9504773269689737 0.07042253521126761 0.09904534606205251
0 0.10365526696965649 0.9200477326968974 0.06572769953051644 0.11455847255369933
0 0.11572770157730236 0.7356801909307876 0.07377598926894702 0.13007159904534604
0 0.21700201411922054 0.7798329355608592 0.07109322602280346 0.1229116945107398
0 0.40949027703001867 0.8036992840095465 0.06304493628437291 0.12768496420047726
0 0.3662307196859542 0.7392601431980907 0.06371562709590878 0.11813842482100234
0 0.42994634678186305 0.6945107398568019 0.06505700871898057 0.11933174224343679
0 0.6281354815907161 0.7267303102625299 0.05633802816901412 0.10262529832935563
0 0.7736753876940026 0.5471360381861575 0.07511737089201875 0.13007159904534604
0 0.7381287746826009 0.834128878281623 0.06841046277665996 0.12649164677804292
0 0.924580820289576 0.9278042959427207 0.06438631790744465 0.13007159904534604
0 0.9631455419528892 0.6563245823389021 0.06908115358819578 0.11933174224343679
0 0.9793930258389529 0.45883054892601427 0.04121394832209402 0.11097852028639615
