0 0.7575788082171414 0.9767303102625298 0.07109322602280344 0.04653937947494036
0 0.8632126110340428 0.801909307875895 0.06908115358819589 0.1288782816229117
0 0.6264587545618765 0.7732696897374702 0.06773977196512404 0.11455847255369933
0 0.7689805520132513 0.6282816229116945 0.06304493628437291 0.12052505966587113
0 0.8316901428918564 0.5894988066825775 0.07042253521126762 0.116945107398568
0 0.8632126110340428 0.5214797136038186 0.0663983903420523 0.10978520286396187
0 0.9550972522144586 0.3890214797136038 0.07176391683433936 0.12171837708830552
0 0.8715962461782414 0.20704057279236276 0.07377598926894702 0.1348448687350835
0 0.8179409812553707 0.08114558472553698 0.06438631790744465 0.11455847255369928
0 0.5449698209602668 0.034606205250596656 0.07914151576123407 0.06921241050119331
0 0.01359825722728297 0.15393794749403342 0.02719651445456594 0.10978520286396182
0 0.022987928588785317 0.2881861575178998 0.045975857177570634 0.12291169451073986
0 0.2381287746826008 0.09964200477326968 0.0637156270959088 0.12291169451073984
0 0.06341381827750357 0.7434367541766109 0.09657947686116701 0.18854415274463
0 0.13383635348877115 0.6873508353221958 0.07511737089201878 0.13365155131264916
0 0.47488263115476714 0.9451073985680192 0.06908115358819589 0.10978520286396176
0 0.5057344084854177 0.821599045346062 0.06639839034205225 0.11813842482100234
0 0.3514755218321649 0.2917661097852029 0.06908115358819583 0.13484486873508356
