0 0.09795439507160147 0.8943914081145585 0.07847082494969819 0.1706443914081145
0 0.14926224215409645 0.9552505966587113 0.07645875251509053 0.08949880668257759
0 0.8457746499341099 0.4546539379474941 0.09993293091884636 0.17422434367541767
0 0.6962105989616081 0.532219570405728 0.0663983903420523 0.13365155131264916
0 0.736787393059529 0.626491646778043 0.07243460764587517 0.13603818615751784
0 0.6569751864867591 0.6473747016706444 0.08182427900737754 0.14200477326968974
0 0.3192823628784425 0.7935560859188544 0.07176391683433936 0.13365155131264916
0 0.18950369084624935 0.4618138424821002 0.06975184439973173 0.1288782816229117
0 0.1552984594579194 0.23031026252983294 0.06975184439973171 0.12171837708830549
0 0.3139168363861555 0.3275656324582339 0.05432595573440646 0.12052505966587113
