0 0.9780516442158812 0.89618138424821 0.0438967115682376 0.13126491646778038
0 0.9088195862184828 0.7285202863961814 0.06908115358819589 0.1252983293556087
0 0.6858148913828019 0.5435560859188544 0.08182427900737765 0.1420047732696898
0 0.6036552669696564 0.6420047732696897 0.0663983903420523 0.12410501193317414
0 0.532562040946853 0.782219570405728 0.07847082494969815 0.13007159904534615
0 0.225720994669187 0.9343675417661098 0.07645875251509057 0.13126491646778038
0 0.25221328172485435 0.7923627684964201 0.05969148222669346 0.1288782816229117
0 0.019969819936873846 0.7667064439140812 0.03993963987374769 0.1348448687350836
0 0.14020791619836204 0.7464200477326969 0.07042253521126761 0.12052505966587113
0 0.17273642055785232 0.3824582338902148 0.07377598926894702 0.13245823389021477
0 0.2981556023150622 0.3967780429594272 0.0818242790073776 0.13245823389021483
0 0.4202213300145927 0.3872315035799523 0.07109322602280349 0.12529832935560858
0 0.5483232750179463 0.4075178997613365 0.07780013413816234 0.13723150357995229
0 0.6502682783714002 0.3752983293556086 0.07780013413816234 0.1348448687350835
0 0.748859827667175 0.4564439140811456 0.06706908115358823 0.13723150357995229
0 0.7498658638844787 0.13066825775656324 0.06908115358819589 0.11813842482100238
0 0.9810697528677927 0.0954653937947494 0.037860494264414624 0.12410501193317422
0 0.9004359510742843 0.0889021479713604 0.07109322602280355 0.1252983293556086
0 0.8347082515437678 0.09009546539379475 0.06841046277665996 0.12529832935560858
