0 0.2840710952728087 0.02386634844868735 0.06572769953051644 0.0477326968973747
0 0.9597920878952098 0.012529832935560859 0.05835010060362167 0.025059665871121718
0 0.5282025506718697 0.9779236276849642 0.0576794097920858 0.04415274463007157
0 0.7116364876269334 0.9594272076372314 0.06773977196512415 0.08114558472553701
0 0.990794769635063 0.23448687350835323 0.018410460729874067 0.0918854415274463
0 0.748524482261407 0.7225536992840096 0.0663983903420523 0.12052505966587113
0 0.793460766634311 0.6825775656324582 0.0663983903420523 0.11933174224343668
0 0.6757545292097638 0.44928400954653935 0.07377598926894702 0.1276849642004773
0 0.8062038920534929 0.3854415274463007 0.07444668008048294 0.12410501193317425
0 0.7431589557691199 0.32100238663484487 0.0731052984574112 0.1288782816229117
0 0.5590543280025204 0.2702863961813842 0.07377598926894702 0.13723150357995226
0 0.5463112025833385 0.03818615751789976 0.07243460764587528 0.07637231503579953
0 0.458786051677906 0.07756563245823389 0.0731052984574111 0.116945107398568
0 0.3615358840052031 0.16646778042959426 0.07712944332662641 0.1324582338902148
0 0.4329644554337745 0.3645584725536993 0.07243460764587523 0.13007159904534604
0 0.33034876126878454 0.8985680190930787 0.07645875251509054 0.13842482100238673
0 0.19118041787508908 0.7702863961813842 0.06505700871898057 0.11813842482100234
0 0.14859155134256058 0.2875894988066826 0.06706908115358819 0.12171837708830552
0 0.19688128977314406 0.09665871121718378 0.06841046277665996 0.11933174224343676
