0 0.019634474531105905 0.7494033412887828 0.03926894906221181 0.12410501193317425
0 0.0236586194003212 0.11038186157517901 0.0473172388006424 0.12768496420047734
0 0.17206572974631645 0.25477326968973746 0.08316566063044936 0.1467780429594272
0 0.09057679614470679 0.4045346062052506 0.08651911468812878 0.1360381861575179
0 0.23779342927683286 0.649761336515513 0.07780013413816228 0.12291169451073991
0 0.22337357682881143 0.8054892601431981 0.07310529845741112 0.13603818615751795
0 0.3330315245149281 0.8072792362768496 0.07109322602280349 0.13007159904534604
0 0.3132461455746196 0.6927207637231503 0.07444668008048289 0.13245823389021483
0 0.33169014289185633 0.5584725536992841 0.07377598926894702 0.12649164677804292
0 0.4460429262587242 0.6795942720763724 0.07981220657277 0.12052505966587113
0 0.9629611009563239 0.7225536992840096 0.07407779808735226 0.14200477326968974
0 0.8957411153935331 0.8221957040572792 0.07243460764587528 0.13365155131264916
0 0.7468477552325673 0.05369928400954654 0.07914151576123407 0.10739856801909307
0 0.532897386352621 0.2016706443914081 0.0697518443997317 0.12410501193317419
0 0.5855466150581876 0.3639618138424821 0.08115358819584173 0.14319809069212408
0 0.8316901428918564 0.37768496420047737 0.0731052984574111 0.13484486873508356
0 0.628806172402252 0.2583532219570406 0.07109322602280355 0.12291169451073983
0 0.4064721683781072 0.40393794749403344 0.06908115358819583 0.1300715990453461
