0 0.9864352793600797 0.8991646778042959 0.027129441279840516 0.16109785202863958
0 0.9777162988101133 0.041766109785202864 0.04456740237977341 0.08353221957040573
0 0.65194500540024 0.9170644391408114 0.06908115358819578 0.12529832935560858
0 0.924245474883808 0.7118138424821002 0.06103286384976525 0.11097852028639621
0 0.9614688149240496 0.4898568019093079 0.05633802816901412 0.10381861575179002
0 0.8511401764263968 0.24701670644391407 0.0731052984574111 0.12410501193317419
0 0.8306841066745525 0.47732696897374705 0.061703554661301174 0.11933174224343679
0 0.029024145892608252 0.9116945107398569 0.058048291785216505 0.12171837708830557
0 0.14121395241566587 0.8562052505966586 0.07377598926894702 0.1348448687350835
0 0.12478202753303676 0.18973747016706444 0.05700871898054996 0.12171837708830546
0 0.09258886857931443 0.256563245823389 0.06103286384976526 0.10739856801909309
0 0.029879277700709462 0.5065632458233891 0.054996646545942315 0.09904534606205251
0 0.12578806375034057 0.48687350835322196 0.07109322602280348 0.14558472553699287
0 0.492655937660468 0.3573985680190931 0.06841046277665996 0.1181384248210024
0 0.5818578155947403 0.4904534606205251 0.06572769953051638 0.12171837708830552
0 0.6331656626772353 0.36933174224343673 0.06773977196512404 0.12529832935560858
0 0.725385649263419 0.26968973747016706 0.07645875251509049 0.13126491646778046
