0 0.9733568085351301 0.5900954653937948 0.05328638292973986 0.13723150357995229
0 0.8457746499341099 0.49105011933174225 0.07712944332662641 0.13723150357995229
0 0.6415492978214339 0.7846062052505967 0.07377598926894702 0.12052505966587113
0 0.6636820946021179 0.6515513126491648 0.07511737089201875 0.14319809069212408
0 0.5694500355813265 0.6324582338902148 0.07176391683433936 0.14558472553699287
0 0.46817572303940835 0.6807875894988067 0.07444668008048289 0.13245823389021472
0 0.41284373108769806 0.7344868735083532 0.07243460764587528 0.13245823389021483
0 0.34812206777448546 0.769689737470167 0.07042253521126762 0.12171837708830557
0 0.14926224215409645 0.8937947494033414 0.073775989268947 0.13603818615751784
0 0.18950369084624938 0.7452267303102625 0.06841046277665996 0.1229116945107398
0 0.02097585615417767 0.6426014319809069 0.04195171230835534 0.14439140811455853
0 0.06006036421982416 0.4170644391408115 0.06572769953051644 0.1276849642004773
0 0.10935613886771148 0.16050119331742244 0.07042253521126761 0.12529832935560858
0 0.27300469688246665 0.04116945107398568 0.07444668008048289 0.08233890214797136
0 0.373272973207081 0.027446300715990454 0.0697518443997317 0.05489260143198091
0 0.34476861371680606 0.07458233890214797 0.07176391683433936 0.11813842482100238
0 0.35147552183216485 0.22255369928400953 0.08115358819584173 0.1324582338902148
0 0.6928571449039287 0.0256563245823389 0.07042253521126762 0.0513126491646778
0 0.8970824970166048 0.12947494033412887 0.07243460764587528 0.13484486873508356
0 0.8648893380628826 0.06980906921241051 0.0697518443997317 0.1181384248210024
0 0.7639503709267323 0.5912887828162291 0.0663983903420523 0.11097852028639621
0 0.5831991972178121 0.07756563245823389 0.08316566063044939 0.13365155131264916
0 0.572803489639006 0.2798329355608592 0.0731052984574111 0.13245823389021483
0 0.5855466150581876 0.4230310262529833 0.0731052984574111 0.1181384248210024
