0 0.9504024165337075 0.8263723150357996 0.0556673373574782 0.09427207637231505
0 0.058048291785216505 0.39618138424821003 0.060362173038229376 0.10023866348448685
0 0.5057344084854177 0.39618138424821003 0.07042253521126757 0.14081145584725535
0 0.5992957766946733 0.37708830548926014 0.07243460764587528 0.13603818615751795
0 0.9544265614029228 0.19928400954653938 0.06773977196512415 0.12649164677804298
0 0.9222334024492005 0.5787589498806682 0.07444668008048294 0.1288782816229117
0 0.8347082515437678 0.6258949880668259 0.0764587525150906 0.149164677804296
0 0.8484574131802534 0.7255369928400954 0.06505700871898057 0.12649164677804292
0 0.936317909491454 0.9087112171837709 0.06773977196512415 0.12768496420047737
0 0.702917507076967 0.9146778042959427 0.06505700871898057 0.12052505966587113
0 0.5181421884988315 0.9081145584725536 0.06706908115358817 0.12649164677804292
0 0.5872233420870274 0.513126491646778 0.06841046277665996 0.12171837708830546
0 0.5127766620065445 0.6491646778042959 0.06706908115358817 0.12410501193317425
0 0.6385311891695223 0.4725536992840096 0.0623742454728371 0.1121718377088306
0 0.7173373595249886 0.6384248210023866 0.08048289738430581 0.15035799522673032
0 0.9607981241125136 0.4445107398568019 0.0697518443997317 0.1276849642004773
0 0.6955399081500723 0.2840095465393795 0.07176391683433936 0.11694510739856803
0 0.5235077149911186 0.27684964200477324 0.06841046277665996 0.11933174224343673
0 0.3766264272647605 0.22076372315035797 0.07109322602280349 0.1503579952267303
0 0.39104627971278194 0.09904534606205251 0.07310529845741115 0.10501193317422436
0 0.45274983437408306 0.17064439140811455 0.07712944332662641 0.12649164677804298
0 0.34812206777448546 0.20763723150357996 0.0663983903420523 0.12171837708830552
0 0.14255533403873763 0.056682577565632455 0.07914151576123407 0.11336515513126491
0 0.2901073125766317 0.39498806682577564 0.07780013413816228 0.13842482100238662
0 0.38266264456858334 0.6062052505966588 0.0643863179074447 0.11217183770883055
0 0.3001676747496699 0.7613365155131264 0.06572769953051644 0.12410501193317425
0 0.35885312075905956 0.8090692124105012 0.05835010060362178 0.12410501193317425
0 0.24651240982679934 0.9105011933174225 0.07377598926894702 0.12410501193317425
0 0.17206572974631645 0.8508353221957041 0.06572769953051641 0.1312649164677805
0 0.18950369084624935 0.6724343675417661 0.07243460764587525 0.12768496420047737
0 0.08319919721781208 0.33770883054892603 0.06505700871898056 0.116945107398568
0 0.2585848444344452 0.2732696897374702 0.056338028169014065 0.10739856801909309
