0 0.9941482236927424 0.831145584725537 0.011703552614515167 0.10620525059665864
0 0.5027162998335063 0.9880668257756563 0.05767940979208591 0.023866348448687402
0 0.3229711623418899 0.9916467780429594 0.05097250167672707 0.01670644391408116
0 0.22639168548072286 0.9916467780429594 0.05097250167672704 0.01670644391408116
0 0.990794769635063 0.41109785202863963 0.018410460729874067 0.10381861575178997
0 0.8665660650917222 0.8914081145584725 0.06103286384976525 0.12410501193317425
0 0.8457746499341099 0.7732696897374702 0.07042253521126762 0.12649164677804292
0 0.7555667357825337 0.7452267303102625 0.07511737089201875 0.13007159904534604
0 0.6197518464465177 0.8955847255369929 0.06773977196512415 0.13723150357995229
0 0.5385982582506759 0.8287589498806682 0.059691482226693515 0.11813842482100234
0 0.5774983253197571 0.7422434367541766 0.06639839034205242 0.12410501193317425
0 0.8695841737436336 0.49940334128878283 0.07109322602280355 0.1420047732696897
0 0.7569081174056056 0.5865155131264916 0.06706908115358823 0.1229116945107398
0 0.7096244151923259 0.4815035799522673 0.07712944332662641 0.1348448687350835
0 0.6616700221675103 0.37171837708830546 0.07109322602280344 0.13245823389021477
0 0.6043259577811924 0.29832935560859186 0.0623742454728371 0.12410501193317422
0 0.4604627787067457 0.6545346062052506 0.07243460764587528 0.1229116945107398
0 0.47219986790862367 0.5423627684964201 0.07176391683433941 0.11575178997613361
0 0.33001341586301663 0.7046539379474941 0.0731052984574111 0.13007159904534615
0 0.2968142206919905 0.9045346062052506 0.061703554661301174 0.11455847255369922
0 0.2364520476537611 0.873508353221957 0.0697518443997317 0.12649164677804292
0 0.12142857347535735 0.9021479713603819 0.07847082494969819 0.13603818615751784
0 0.15596915026945526 0.934964200477327 0.07109322602280348 0.12768496420047737
0 0.19989939842505555 0.8013126491646778 0.07176391683433939 0.13007159904534604
0 0.20727699735195027 0.6682577565632458 0.06773977196512407 0.1288782816229117
0 0.005549967488852385 0.4421241050119332 0.01109993497770477 0.10143198090692124
0 0.3655600288744184 0.5346062052505967 0.0677397719651241 0.13365155131264922
0 0.3803152267282078 0.2989260143198091 0.06103286384976525 0.11575178997613367
0 0.339403087224519 0.20704057279236276 0.0663983903420523 0.12052505966587113
0 0.5422870577141232 0.266109785202864 0.06304493628437291 0.11694510739856803
0 0.6552984594579194 0.1843675417661098 0.07578806170355468 0.13484486873508356
0 0.7914486941997034 0.10739856801909309 0.06371562709590872 0.13365155131264916
0 0.5315560047295491 0.028639618138424822 0.05902079141515759 0.057279236276849645
0 0.1955399081500723 0.09069212410501193 0.07377598926894702 0.14081145584725535
