0 0.14356137025604146 0.9403341288782816 0.07042253521126762 0.11933174224343679
0 0.8927230067416216 0.8979713603818615 0.06505700871898057 0.12052505966587113
0 0.8893695526839422 0.48568019093078757 0.06908115358819578 0.116945107398568
0 0.6871562730058738 0.8353221957040573 0.07243460764587528 0.13126491646778038
0 0.3487927585860213 0.8920047732696897 0.07042253521126762 0.11575178997613356
0 0.367572101309026 0.8263723150357996 0.0663983903420523 0.10620525059665875
0 0.37193159158400924 0.7094272076372314 0.07511737089201881 0.1348448687350835
0 0.5530181106986973 0.6628878281622912 0.05902079141515759 0.11813842482100234
0 0.6073440664331038 0.619928400954654 0.0523138832997988 0.10381861575178997
0 0.7394701563056726 0.18019093078758952 0.07109322602280344 0.1288782816229117
0 0.6874916184116417 0.24522673031026254 0.0731052984574111 0.12291169451073983
0 0.02466465561762502 0.45883054892601427 0.04932931123525004 0.13723150357995223
0 0.36187122941097105 0.5328162291169452 0.07377598926894702 0.1300715990453461
0 0.2793762595920576 0.5733890214797136 0.06572769953051644 0.11575178997613356
0 0.112038902113855 0.10202863961813843 0.07310529845741114 0.13007159904534607
0 0.12042253725805353 0.22494033412887826 0.07511737089201878 0.14200477326968972
0 0.22505030385765112 0.12231503579952269 0.07109322602280346 0.13007159904534607
