0 0.9797283712447209 0.1479713603818616 0.040543257510558095 0.12649164677804298
0 0.9830818253024003 0.9379474940334129 0.033836349395199306 0.12410501193317425
0 0.6941985265270005 0.9427207637231503 0.07578806170355468 0.11455847255369933
0 0.7676391703901796 0.133054892601432 0.07243460764587528 0.1324582338902148
0 0.7958081844746867 0.22911694510739855 0.07243460764587517 0.12887828162291168
0 0.7324279027845458 0.3138424821002387 0.06505700871898057 0.10978520286396182
0 0.8360496331668397 0.389618138424821 0.06706908115358823 0.13007159904534604
0 0.9141851127107699 0.4463007159904535 0.07176391683433936 0.12171837708830552
0 0.9733568085351301 0.6366348448687351 0.05328638292973986 0.13723150357995229
0 0.9500670711279395 0.09904534606205251 0.07780013413816234 0.14558472553699284
0 0.8793091905109041 0.04713603818615752 0.07042253521126762 0.09427207637231504
0 0.7005700892365914 0.22136038186157517 0.08182427900737765 0.14916467780429593
0 0.6301475540253239 0.1646778042959427 0.06706908115358823 0.13842482100238662
0 0.5396042944679798 0.1837708830548926 0.06975184439973181 0.1288782816229117
0 0.1563044956752232 0.05250596658711217 0.06505700871898054 0.10501193317422435
0 0.3548289758898443 0.032219570405727926 0.07981220657276994 0.06443914081145585
0 0.3216297807188181 0.15274463007159905 0.06841046277665996 0.12171837708830548
0 0.24986586388447873 0.20346062052505964 0.08182427900737763 0.13723150357995226
0 0.046981893394874456 0.10739856801909307 0.07042253521126761 0.12410501193317422
0 0.12243460969266118 0.22553699284009546 0.07511737089201877 0.14081145584725535
0 0.03170690913875178 0.30668257756563244 0.06341381827750356 0.13842482100238662
0 0.04932931123525004 0.4224343675417661 0.07780013413816231 0.13126491646778038
0 0.03137156373298384 0.8031026252983293 0.06274312746596768 0.1408114558472554
0 0.07850436153706092 0.8747016706443914 0.06505700871898056 0.13126491646778038
0 0.1938631811212326 0.763126491646778 0.0663983903420523 0.12768496420047737
0 0.2414822287402802 0.801909307875895 0.06505700871898054 0.11694510739856812
0 0.3363849785726075 0.8902147971360381 0.06841046277665996 0.1288782816229116
0 0.40077129648005216 0.8168257756563246 0.08316566063044933 0.1467780429594273
0 0.5365861858160683 0.769689737470167 0.0784708249496982 0.13365155131264916
0 0.7196847773653641 0.6807875894988067 0.07578806170355468 0.1467780429594272
0 0.5375922220333721 0.6121718377088305 0.07914151576123407 0.1431980906921242
0 0.02835345508107237 0.684964200477327 0.05670691016214474 0.11455847255369922
0 0.04865862042371416 0.5459427207637232 0.07109322602280349 0.12291169451073986
0 0.2126425238442373 0.5005966587112172 0.07444668008048289 0.13245823389021483
0 0.28675385851895224 0.5328162291169452 0.07511737089201875 0.1300715990453461
0 0.2471831006383352 0.6634844868735084 0.06438631790744465 0.116945107398568
