0 0.9938128782869744 0.8120525059665871 0.01237424342605109 0.10620525059665875
0 0.2330985935960817 0.9809069212410502 0.057679409792085856 0.03818615751789978
0 0.32766599802264107 0.980310262529833 0.06170355466130112 0.039379474940334114
0 0.49969819118159475 0.980310262529833 0.07712944332662647 0.039379474940334114
0 0.990794769635063 0.3824582338902148 0.018410460729874067 0.11097852028639615
0 0.8722669369897772 0.8711217183770883 0.06036217303822933 0.12649164677804303
0 0.850469485614861 0.752983293556086 0.06908115358819589 0.14558472553699287
0 0.7609322622748208 0.7261336515513126 0.07243460764587528 0.13007159904534615
0 0.7609322622748208 0.5590692124105012 0.06975184439973181 0.13245823389021477
0 0.8749497002359208 0.47613365155131265 0.07109322602280355 0.15035799522673032
0 0.6646881308194217 0.35023866348448685 0.07578806170355457 0.1420047732696897
0 0.7149899416846128 0.4588305489260144 0.07712944332662641 0.13961813842482101
0 0.7934607666343111 0.08472553699284009 0.06371562709590872 0.1360381861575179
0 0.6583165681098309 0.1581145584725537 0.07377598926894702 0.13961813842482101
0 0.6113682113023191 0.27684964200477324 0.06438631790744465 0.12887828162291168
0 0.5476525842064104 0.2356801909307876 0.06572769953051638 0.11336515513126494
0 0.6247820275330367 0.8717183770883055 0.0697518443997317 0.149164677804296
0 0.5463112025833385 0.8042959427207637 0.06304493628437291 0.12410501193317425
0 0.5831991972178121 0.7159904534606205 0.07511737089201875 0.1288782816229117
0 0.4695171046624801 0.6270883054892602 0.06505700871898057 0.11575178997613367
0 0.4758886673720709 0.5208830548926014 0.07645875251509054 0.12052505966587113
0 0.3719315915840093 0.5071599045346062 0.07914151576123407 0.13842482100238668
0 0.3333668699206961 0.6843675417661098 0.07578806170355462 0.13961813842482096
0 0.1569751864867591 0.915871121718377 0.07847082494969819 0.15393794749403333
0 0.2978202569092943 0.8848448687350836 0.0663983903420523 0.11575178997613367
0 0.2421529195518161 0.8556085918854415 0.07444668008048289 0.15035799522673032
0 0.20392354329427081 0.7846062052505967 0.07176391683433939 0.13723150357995229
0 0.1251173729388047 0.8741050119331742 0.07377598926894702 0.1229116945107398
0 0.20828303356925407 0.6473747016706444 0.07109322602280349 0.1348448687350835
0 0.38668678943779866 0.2786396181384248 0.0697518443997317 0.12768496420047734
0 0.34510395912257397 0.18198090692124103 0.07109322602280349 0.13007159904534604
0 0.010244803169603559 0.4116945107398568 0.020489606339207118 0.12649164677804292
0 0.19688128977314406 0.07159904534606205 0.07914151576123407 0.13842482100238665
