0 0.06441985449480739 0.03341288782816229 0.06505700871898054 0.06682577565632458
0 0.0179577475022662 0.12171837708830549 0.0359154950045324 0.13126491646778043
0 0.22940979413263435 0.9457040572792363 0.08517773306505702 0.10859188544152742
0 0.9447015446356524 0.04832935560859188 0.07377598926894702 0.09665871121718377
0 0.384674717003191 0.8985680190930787 0.07243460764587523 0.13842482100238673
0 0.7790409141862895 0.13782816229116945 0.07377598926894702 0.13245823389021477
0 0.7294097941326343 0.9307875894988067 0.06841046277665985 0.11217183770883055
0 0.6931924903096967 0.6670644391408115 0.06036217303822944 0.11217183770883055
0 0.5131120074123124 0.4904534606205251 0.0677397719651241 0.13126491646778043
0 0.5546948377275371 0.6467780429594272 0.06908115358819578 0.12649164677804303
0 0.4795774668355183 0.8579952267303104 0.07310529845741115 0.13365155131264916
0 0.17508383839822791 0.9033412887828163 0.08115358819584173 0.1408114558472554
0 0.17709591083283555 0.616945107398568 0.07444668008048291 0.13603818615751795
0 0.28038229580936136 0.4379474940334129 0.07444668008048291 0.13603818615751784
0 0.24919517307294287 0.06443914081145585 0.07109322602280346 0.1288782816229117
0 0.486619720356645 0.22195704057279236 0.06841046277665991 0.12410501193317425
0 0.5815224701889723 0.1957040572792363 0.10529845741113342 0.17422434367541764
0 0.782394368243969 0.3466587112171837 0.11267605633802824 0.19212410501193317
