0 0.47219986790862356 0.18854415274463007 0.06908115358819583 0.116945107398568
0 0.48226023008166186 0.21897374701670644 0.06505700871898057 0.11097852028639615
0 0.2974849115035264 0.4946300715990454 0.06975184439973175 0.13723150357995229
0 0.35851777535329166 0.20763723150357996 0.07511737089201881 0.12649164677804298
0 0.3682427921205619 0.09069212410501193 0.0677397719651241 0.13842482100238662
0 0.4420187813895089 0.05608591885441527 0.06505700871898051 0.11217183770883055
0 0.5127766620065445 0.11157517899761338 0.07109322602280349 0.12291169451073987
0 0.5791750523485968 0.25298329355608595 0.06706908115358812 0.12649164677804298
0 0.5352448041929965 0.3866348448687351 0.0663983903420523 0.12171837708830552
0 0.4178739121742172 0.5745823389021479 0.07176391683433941 0.13723150357995229
0 0.498356809558523 0.6682577565632458 0.07712944332662647 0.1431980906921242
0 0.9767102625928095 0.4075178997613365 0.04657947481438107 0.12768496420047737
0 0.7401408471172084 0.17840095465393793 0.06572769953051638 0.12052505966587111
0 0.7723340060709307 0.2893794749403341 0.07377598926894702 0.12529832935560858
0 0.6858148913828019 0.5190930787589499 0.07645875251509049 0.1479713603818616
0 0.6475855151252567 0.8174224343675418 0.07243460764587528 0.13842482100238662
0 0.572468144233238 0.89618138424821 0.06438631790744465 0.11455847255369922
0 0.4329644554337745 0.9307875894988067 0.06975184439973175 0.12410501193317414
0 0.4400067089549013 0.8150357995226731 0.07176391683433936 0.116945107398568
0 0.38199195375704753 0.6933174224343674 0.06975184439973175 0.14319809069212408
0 0.3568410483244519 0.711217183770883 0.07042253521126762 0.12649164677804303
0 0.28977196717086373 0.7840095465393795 0.06773977196512404 0.13603818615751795
0 0.3491281039917893 0.535799522673031 0.06036217303822938 0.11933174224343673
0 0.28541247689588045 0.3609785202863962 0.07243460764587523 0.1300715990453461
0 0.1536217324290797 0.4600238663484487 0.07712944332662643 0.13723150357995229
0 0.1898390362520173 0.3072792362768496 0.07176391683433936 0.13245823389021477
0 0.2512072455075505 0.22792362768496421 0.07511737089201878 0.1336515513126492
0 0.15093896918293617 0.05548926014319809 0.07176391683433937 0.11097852028639618
0 0.02868880048684031 0.13842482100238662 0.05737760097368062 0.14558472553699284
0 0.015274984256122674 0.6933174224343674 0.030549968512245347 0.12410501193317425
0 0.8276659980226411 0.05310262529832936 0.0556673373574782 0.10143198090692125
