0 0.9887661482936652 0.45586206896551723 0.02246770341266957 0.11448275862068968
0 0.9848901793014171 0.5379310344827586 0.03021964139716571 0.12689655172413794
0 0.7600904361222142 0.9593103448275861 0.06434108527131777 0.0813793103448276
0 0.802338498137718 0.7951724137931034 0.06976744186046513 0.12551724137931042
0 0.8441989632539971 0.6448275862068966 0.058914728682170514 0.11448275862068968
0 0.9589276454245397 0.06689655172413793 0.07906976744186045 0.13379310344827586
0 0.7829586531764777 0.2696551724137931 0.06511627906976747 0.1282758620689655
0 0.5802454748819041 0.2379310344827586 0.0736434108527132 0.136551724137931
0 0.5011757074400436 0.4144827586206896 0.0674418604651163 0.10620689655172416
0 0.3465245446493459 0.9082758620689655 0.06666666666666671 0.12827586206896546
0 0.39419896325399706 0.6510344827586207 0.07209302325581396 0.12137931034482763
0 0.06396640511446221 0.72 0.07209302325581396 0.1351724137931034
0 0.09962531984314438 0.5296551724137931 0.0627906976744186 0.10482758620689658
0 0.17133074619973354 0.33379310344827584 0.06821705426356592 0.12137931034482757
0 0.11551679271136144 0.3820689655172414 0.07131782945736434 0.12689655172413794
0 0.1953617539516715 0.25448275862068964 0.06046511627906978 0.1117241379310345
0 0.3310206686803537 0.2489655172413793 0.06666666666666665 0.13379310344827583
0 0.3755943120912064 0.04689655172413793 0.06589147286821706 0.09379310344827586
0 0.4655167927113614 0.05517241379310345 0.0736434108527132 0.1103448275862069
0 0.42481911829275676 0.16413793103448276 0.06976744186046507 0.12689655172413794
