0 0.44235412679527686 0.7810262529832935 0.06841046277665996 0.13007159904534604
0 0.054694837727537096 0.4504773269689737 0.06841046277665996 0.12052505966587107
0 0.12780013618494823 0.4785202863961814 0.08048289738430582 0.14797136038186154
0 0.2206908135826679 0.3168257756563246 0.06505700871898057 0.12291169451073991
0 0.36354795643981075 0.20167064439140814 0.058350100603621724 0.11694510739856803
0 0.43329980083954245 0.25477326968973746 0.07310529845741115 0.12529832935560858
0 0.3913816251185498 0.4128878281622912 0.06036217303822938 0.11933174224343673
0 0.6871562730058738 0.43854415274463004 0.06706908115358812 0.12529832935560858
0 0.736452047653761 0.6515513126491647 0.06908115358819578 0.12171837708830546
0 0.6492622421540964 0.6145584725536992 0.06908115358819589 0.116945107398568
0 0.282394368243969 0.3424821002386635 0.06505700871898057 0.10262529832935563
