0 0.9730214631293621 0.33890214797136037 0.053957073741275785 0.13842482100238662
0 0.520824951744975 0.9671837708830548 0.07377598926894702 0.06563245823389019
0 0.634842389706075 0.9576372315035799 0.07243460764587528 0.08472553699284013
0 0.8068745828650288 0.8878281622911695 0.05835010060362167 0.11933174224343679
0 0.6938631811212326 0.8001193317422435 0.05365526492287054 0.10859188544152742
0 0.7387994654941367 0.538782816229117 0.06438631790744465 0.0823389021479714
0 0.7468477552325673 0.5751789976133652 0.06841046277665996 0.11455847255369933
0 0.7787055687805217 0.42183770883054894 0.06773977196512404 0.11575178997613367
0 0.5946009410139221 0.46897374701670647 0.04963112005365533 0.09069212410501187
0 0.5459758571775706 0.4683770883054893 0.06908115358819578 0.1300715990453461
0 0.5292085868891736 0.5757756563245824 0.06371562709590878 0.11813842482100234
0 0.5053990630796498 0.6670644391408115 0.05231388329979886 0.11217183770883055
0 0.46985245006824805 0.837708830548926 0.07109322602280349 0.13365155131264916
0 0.22169684979997173 0.8365155131264916 0.06438631790744467 0.12410501193317414
0 0.3762910818589925 0.668854415274463 0.05969148222669346 0.11097852028639621
0 0.3243125439649617 0.5972553699284009 0.06170355466130112 0.10859188544152742
0 0.27434607850553844 0.639618138424821 0.0637156270959088 0.11217183770883055
0 0.3444332683110381 0.4385441527446301 0.06706908115358823 0.12052505966587107
0 0.25221328172485435 0.10202863961813842 0.06908115358819583 0.12529832935560858
0 0.9225687478549685 0.05071599045346062 0.07377598926894702 0.10143198090692124
0 0.4182092575799851 0.05071599045346062 0.06438631790744465 0.10143198090692124
