0 0.9480549986933319 0.9898568019093079 0.05097250167672707 0.02028639618138428
0 0.8337022153264639 0.9510739856801909 0.07176391683433947 0.09785202863961817
0 0.952749834374083 0.6551312649164678 0.07914151576123407 0.13842482100238662
0 0.8689134829320978 0.8066825775656324 0.07780013413816222 0.1288782816229117
0 0.6046613031869603 0.9582338902147971 0.07243460764587528 0.08353221957040569
0 0.5560362193506089 0.9266109785202864 0.06908115358819589 0.12768496420047737
0 0.6110328658965511 0.8096658711217184 0.06773977196512404 0.1229116945107398
0 0.6757545292097638 0.7213603818615753 0.07377598926894702 0.1348448687350835
0 0.5949362864196901 0.6670644391408115 0.07042253521126762 0.11933174224343679
0 0.5919181777677786 0.5095465393794749 0.0764587525150906 0.13365155131264922
0 0.5831991972178121 0.38066825775656327 0.07109322602280344 0.1288782816229117
0 0.5634138182775036 0.30071599045346065 0.06505700871898057 0.12171837708830549
0 0.7408115379287443 0.4844868735083532 0.06841046277665996 0.11933174224343673
0 0.7609322622748208 0.2488066825775656 0.05365526492287054 0.09904534606205248
0 0.8092220007054043 0.3424821002386635 0.07243460764587528 0.12649164677804292
0 0.8863514440320307 0.2828162291169451 0.07243460764587528 0.13603818615751792
0 0.9654929597932649 0.3072792362768496 0.06706908115358823 0.1181384248210024
0 0.973692153940898 0.23687350835322196 0.05261569211820405 0.12291169451073983
0 0.9302816921876309 0.05190930787589499 0.0731052984574111 0.10381861575178998
0 0.6767605654270676 0.050119331742243436 0.06773977196512404 0.10023866348448687
0 0.5406103306852836 0.03341288782816229 0.07042253521126762 0.06682577565632458
0 0.4691817592567121 0.10083532219570406 0.06036217303822938 0.11336515513126491
0 0.333702215326464 0.5077565632458234 0.07511737089201875 0.11097852028639621
0 0.3689134829320978 0.5077565632458234 0.06773977196512404 0.12529832935560853
0 0.38232729916281544 0.36575178997613367 0.06773977196512404 0.12529832935560858
0 0.3655600288744184 0.6258949880668258 0.07176391683433941 0.13007159904534604
0 0.5070757901084895 0.7201670644391408 0.07042253521126768 0.11097852028639621
0 0.3212944353130502 0.9665871121718377 0.07712944332662641 0.06682577565632464
0 0.39305835214738954 0.9665871121718377 0.07176391683433936 0.06682577565632464
0 0.282729713649737 0.9170644391408114 0.06841046277665999 0.11575178997613367
0 0.305197855836189 0.8042959427207637 0.0663983903420523 0.11933174224343668
0 0.22169684979997173 0.8394988066825776 0.07377598926894705 0.12768496420047737
0 0.029024145892608252 0.9659904534606205 0.058048291785216505 0.06801909307875897
0 0.0105801485753715 0.805489260143198 0.021160297150743 0.12410501193317425
0 0.16569416703672557 0.7088305489260143 0.06505700871898054 0.11455847255369933
0 0.13853118916952234 0.619928400954654 0.07243460764587527 0.1348448687350835
0 0.21297786925000523 0.5644391408114559 0.06975184439973173 0.1288782816229117
0 0.29111334879393547 0.26551312649164677 0.07042253521126757 0.13007159904534604
0 0.3813212629455116 0.18794749403341288 0.07377598926894702 0.12529832935560858
0 0.3427565412821984 0.08532219570405727 0.07444668008048294 0.12529832935560858
0 0.2716633152593949 0.16885441527446302 0.07042253521126762 0.12291169451073987
0 0.14993293296563234 0.30787589498806683 0.0778001341381623 0.13365155131264916
0 0.12176391888112528 0.35262529832935563 0.05767940979208584 0.13484486873508356
0 0.06743796314671885 0.3573985680190931 0.07914151576123407 0.13007159904534604
0 0.1854795459770341 0.041766109785202864 0.06975184439973173 0.08353221957040573
0 0.04798792961217828 0.13484486873508356 0.06572769953051644 0.11933174224343676
0 0.012927566415747088 0.020883054892601432 0.025855132831494175 0.041766109785202864
