0 0.7877598947362561 0.24045346062052503 0.06706908115358812 0.11575178997613364
0 0.6925217994981608 0.8126491646778042 0.07109322602280344 0.13603818615751784
0 0.765291752549804 0.7935560859188544 0.06908115358819578 0.13126491646778038
0 0.19017438165778527 0.6115751789976134 0.07780013413816231 0.13245823389021472
0 0.0882293783043312 0.9468973747016707 0.07243460764587525 0.10620525059665875
0 0.1143863199542306 0.7189737470167065 0.06706908115358819 0.11813842482100245
0 0.14490275187911322 0.8597852028639619 0.07578806170355468 0.14439140811455842
0 0.2478537914498711 0.7917661097852029 0.06170355466130112 0.12052505966587113
0 0.3430918866879663 0.5548926014319809 0.06572769953051644 0.11933174224343679
0 0.7334339390018496 0.308472553699284 0.0697518443997317 0.13723150357995226
0 0.7237089222345794 0.10023866348448687 0.07042253521126762 0.12171837708830548
0 0.4011066418858201 0.191527446300716 0.07444668008048294 0.13484486873508353
