0 0.023323273994553258 0.2869928400954654 0.046646547989106515 0.1324582338902148
0 0.5560362193506088 0.7124105011933174 0.0556673373574782 0.1288782816229117
0 0.2901073125766317 0.6789976133651552 0.06572769953051644 0.1646778042959428
0 0.7750167693170743 0.9081145584725536 0.07243460764587528 0.12410501193317425
0 0.4403420543606692 0.11336515513126491 0.056338028169014065 0.09546539379474939
0 0.9554325976202266 0.9468973747016707 0.07109322602280344 0.10620525059665875
0 0.7589201898402131 0.8329355608591886 0.07377598926894702 0.13365155131264916
0 0.8699195191494016 0.2881861575178998 0.06103286384976525 0.1252983293556086
0 0.9634808873586571 0.34606205250596656 0.0697518443997317 0.13126491646778043
0 0.9118376948703942 0.41527446300715987 0.08718980549966471 0.15274463007159905
0 0.753890008753694 0.6157517899761336 0.06908115358819589 0.12410501193317425
0 0.6143863199542305 0.8752983293556086 0.06908115358819578 0.11813842482100245
0 0.6895036908462493 0.7404534606205251 0.052984574111334726 0.09427207637231505
0 0.6093561388677116 0.763126491646778 0.06304493628437291 0.11336515513126488
0 0.5194835701219033 0.7094272076372314 0.07109322602280344 0.1348448687350835
0 0.64054326160413 0.49940334128878283 0.07176391683433936 0.12052505966587113
0 0.5396042944679798 0.046539379474940336 0.06304493628437291 0.09307875894988067
0 0.4319584192164707 0.24463007159904535 0.06237424547283704 0.11933174224343673
0 0.4269282381299516 0.3884248210023866 0.07243460764587523 0.13245823389021483
0 0.43497652786838215 0.6515513126491648 0.06304493628437291 0.10739856801909309
0 0.28340040446127285 0.928400954653938 0.06438631790744465 0.12410501193317425
0 0.2626089893036605 0.8114558472553699 0.05633802816901409 0.116945107398568
0 0.3367203239783755 0.5805489260143198 0.07712944332662641 0.13007159904534604
0 0.23879946549413672 0.6664677804295942 0.06639839034205233 0.12529832935560858
0 0.17407780218092408 0.17362768496420047 0.06841046277665996 0.11336515513126492
0 0.07414487126207767 0.20465393794749404 0.07377598926894702 0.12291169451073983
0 0.1931924903096967 0.502983293556086 0.07712944332662644 0.13245823389021477
0 0.3471160315571816 0.27923627684964203 0.06841046277665996 0.12649164677804298
