0 0.5459758571775706 0.9713603818615753 0.07712944332662641 0.05727923627684961
0 0.31727029044383487 0.934964200477327 0.0663983903420523 0.11336515513126488
0 0.384674717003191 0.9099045346062052 0.06170355466130112 0.12052505966587113
0 0.9621395057355854 0.8293556085918854 0.06036217303822933 0.11217183770883055
0 0.34610999533987785 0.8526252983293556 0.05700871898054999 0.12052505966587113
0 0.5774983253197571 0.8741050119331741 0.07042253521126751 0.11813842482100234
0 0.6345070443003071 0.7195704057279236 0.0731052984574111 0.12410501193317414
0 0.7156606324961488 0.6599045346062052 0.07444668008048283 0.1288782816229117
0 0.6958752535558403 0.4743436754176611 0.06304493628437291 0.12768496420047737
0 0.9557679430259944 0.5423627684964201 0.0838363514419852 0.1420047732696897
0 0.8920523159300857 0.09785202863961813 0.07712944332662641 0.13842482100238662
0 0.8041918196188851 0.10023866348448687 0.07042253521126762 0.12649164677804298
0 0.6214285734753573 0.0698090692124105 0.07511737089201886 0.13723150357995226
0 0.4403420543606692 0.12112171837708831 0.06170355466130112 0.10859188544152745
0 0.42592220191264774 0.5011933174224343 0.0677397719651241 0.11455847255369933
0 0.42491616569534396 0.5960620525059666 0.06036217303822938 0.09665871121718372
0 0.17709591083283555 0.7941527446300716 0.06505700871898054 0.12291169451073991
0 0.30452716502465316 0.4862768496420048 0.06639839034205236 0.11097852028639621
0 0.2223675406115076 0.18257756563245825 0.06706908115358823 0.11933174224343676
0 0.1563044956752232 0.5346062052505967 0.05969148222669349 0.11694510739856806
0 0.333702215326464 0.28162291169451076 0.06706908115358823 0.1288782816229117
0 0.03204225454451972 0.3138424821002387 0.06408450908903944 0.1336515513126492
0 0.07716297991398915 0.11097852028639618 0.06773977196512408 0.11933174224343675
