0 0.7894366217650958 0.7332935560859188 0.06103286384976525 0.11097852028639621
0 0.7002347438308234 0.967780429594272 0.0731052984574111 0.06443914081145585
0 0.9426894722010448 0.9510739856801909 0.07377598926894702 0.09785202863961817
0 0.8886988618724063 0.6885441527446301 0.06908115358819589 0.13126491646778038
0 0.7877598947362561 0.5346062052505967 0.06706908115358812 0.12649164677804298
0 0.7186787411480602 0.6760143198090692 0.07645875251509049 0.12768496420047737
0 0.7263916854807229 0.4445107398568019 0.07578806170355468 0.12529832935560864
0 0.7364520476537612 0.3168257756563246 0.07578806170355468 0.12768496420047737
0 0.8876928256551024 0.2422434367541766 0.07109322602280355 0.14081145584725538
0 0.936317909491454 0.33770883054892603 0.07176391683433947 0.13365155131264916
0 0.822300471530354 0.21837708830548927 0.07176391683433936 0.1360381861575179
0 0.5570422555679126 0.02684964200477327 0.057679409792085856 0.05369928400954654
0 0.6998993984250556 0.25715990453460624 0.07109322602280344 0.1181384248210024
0 0.6331656626772353 0.6485680190930787 0.07176391683433936 0.1348448687350835
0 0.47454728574899924 0.7386634844868736 0.05633802816901412 0.10023866348448685
0 0.56073105503136 0.5155131264916468 0.0731052984574111 0.12410501193317425
0 0.5982897404773695 0.36873508353221957 0.06237424547283699 0.116945107398568
0 0.44704896247602804 0.20405727923627684 0.05902079141515759 0.10978520286396182
0 0.45140845275101127 0.4647971360381862 0.07444668008048289 0.12529832935560853
0 0.3142521817919234 0.7714797136038186 0.0643863179074447 0.1229116945107398
0 0.1955399081500723 0.8556085918854415 0.06841046277665996 0.12410501193317425
0 0.10231388534658473 0.8120525059665871 0.07645875251509056 0.13245823389021483
0 0.26026157146328494 0.318019093078759 0.07042253521126762 0.1515513126491647
0 0.029359491298376193 0.47136038186157514 0.058718982596752387 0.12887828162291165
0 0.18916834544048144 0.03579952267303103 0.06773977196512407 0.07159904534606205
0 0.0236586194003212 0.08233890214797138 0.0473172388006424 0.13603818615751792
0 0.04966465664101798 0.17124105011933172 0.07042253521126761 0.1276849642004773
