0 0.2502012092902467 0.9725536992840096 0.07578806170355468 0.054892601431980936
0 0.13048289943109176 0.8251789976133652 0.06170355466130113 0.113365155131265
0 0.08118712478320445 0.8138424821002386 0.07042253521126761 0.12649164677804292
0 0.19889336220775172 0.5745823389021479 0.0670690811535882 0.13007159904534604
0 0.15194500540023997 0.4474940334128878 0.07511737089201878 0.12649164677804292
0 0.2223675406115076 0.2690930787589499 0.06841046277665996 0.13245823389021483
0 0.25724346281137345 0.3890214797136038 0.0670690811535882 0.12649164677804298
0 0.30720992827079663 0.4844868735083532 0.0503018108651912 0.08353221957040574
0 0.4577800154606022 0.8782816229116945 0.06572769953051644 0.11455847255369933
0 0.606002684810032 0.4301909307875895 0.06438631790744465 0.11336515513126494
0 0.6237759913157329 0.5399761336515513 0.06505700871898057 0.12529832935560864
0 0.7877598947362561 0.636038186157518 0.0456069751844399 0.07875894988066834
0 0.7951374936631508 0.418854415274463 0.06036217303822933 0.10739856801909309
0 0.7445003373921917 0.30668257756563244 0.07176391683433936 0.12887828162291168
0 0.8893695526839422 0.03937947494033413 0.07042253521126762 0.07875894988066826
0 0.9319584192164707 0.1628878281622912 0.07243460764587528 0.13007159904534607
0 0.3893695526839422 0.26193317422434365 0.07243460764587528 0.1205250596658711
0 0.5406103306852836 0.19510739856801912 0.07444668008048294 0.13007159904534607
0 0.5865526512754915 0.30906921241050117 0.08450704225352113 0.12887828162291168
0 0.5446344755544988 0.383054892601432 0.06773977196512404 0.12410501193317425
