0 0.1194165010407497 0.9701670644391408 0.0811535881958417 0.059665871121718395
0 0.31291080016885164 0.9671837708830548 0.07914151576123407 0.06563245823389019
0 0.5295439322949416 0.9451073985680192 0.07377598926894702 0.10978520286396176
0 0.6760898746155317 0.8621718377088305 0.08249496981891347 0.11336515513126488
0 0.9443661992298845 0.6217183770883055 0.0623742454728371 0.116945107398568
0 0.8873574802493345 0.6766109785202864 0.0663983903420523 0.11455847255369922
0 0.9567739792432983 0.33233890214797135 0.07780013413816222 0.1276849642004773
0 0.9423541267952769 0.7225536992840096 0.07444668008048283 0.1348448687350835
0 0.23745808387106493 0.48269689737470167 0.06505700871898057 0.11575178997613361
0 0.09929577669467325 0.6414081145584725 0.07176391683433939 0.1348448687350835
0 0.1854795459770341 0.6646778042959427 0.07109322602280349 0.13603818615751795
0 0.3400737780360549 0.7798329355608592 0.07847082494969815 0.12768496420047737
0 0.5754862528851494 0.7100238663484486 0.07578806170355468 0.12649164677804292
0 0.48427230251626946 0.37708830548926014 0.0731052984574111 0.1288782816229117
0 0.5392689490622118 0.16766109785202865 0.07847082494969815 0.13007159904534607
0 0.6063380302158 0.1873508353221957 0.07981220657277 0.1360381861575179
0 0.5385982582506759 0.2350835322195704 0.07042253521126762 0.12410501193317422
0 0.45576794302599455 0.1945107398568019 0.06975184439973175 0.12171837708830546
0 0.22203219520573964 0.1026252983293556 0.06908115358819586 0.12410501193317422
0 0.21968477736536407 0.233890214797136 0.06975184439973173 0.12410501193317422
0 0.2569081174056055 0.37589498806682575 0.0704225352112676 0.14319809069212414
0 0.7864185131131843 0.5465393794749404 0.057679409792085856 0.11217183770883055
