0 0.9887826972004554 0.2553699284009546 0.022434605599089275 0.10978520286396182
0 0.9713447361005224 0.35262529832935563 0.05731052779895518 0.1300715990453461
0 0.9770456079985774 0.6974940334128878 0.04590878400284515 0.15155131264916466
0 0.8571763937302199 0.6062052505966586 0.0663983903420523 0.12649164677804292
0 0.7401408471172084 0.5232696897374702 0.07780013413816234 0.13961813842482107
0 0.6308182448368598 0.2684964200477327 0.06304493628437291 0.12171837708830549
0 0.3256539255880334 0.970763723150358 0.06841046277665996 0.05847255369928406
0 0.22203219520573964 0.8138424821002387 0.07444668008048291 0.13842482100238662
0 0.38199195375704753 0.899164677804296 0.06975184439973175 0.13007159904534604
0 0.4426894722010448 0.8239856801909308 0.06371562709590878 0.12052505966587113
0 0.5312206593237812 0.753579952267303 0.0731052984574111 0.1348448687350835
0 0.4571093246490663 0.3192124105011933 0.0697518443997317 0.12291169451073986
0 0.3876928256551025 0.45823389021479716 0.07042253521126762 0.13365155131264916
0 0.2740107330997705 0.43914081145584727 0.0670690811535882 0.11933174224343673
0 0.25556673578253375 0.5107398568019093 0.07176391683433936 0.1360381861575179
0 0.25154259091331843 0.6599045346062052 0.07310529845741115 0.1431980906921242
0 0.08353454262358002 0.6569212410501193 0.08316566063044936 0.1348448687350835
0 0.16401744000788585 0.42422434367541767 0.07645875251509054 0.13007159904534604
0 0.22672703088649082 0.31085918854415273 0.07712944332662641 0.1443914081145585
0 0.20358819788850288 0.14439140811455847 0.07914151576123407 0.14558472553699287
0 0.6465794789079529 0.021479713603818614 0.06908115358819578 0.04295942720763723
0 0.5657612361178792 0.07458233890214798 0.07109322602280355 0.14200477326968974
0 0.6264587545618765 0.1175417661097852 0.07444668008048294 0.13007159904534604
0 0.5127766620065445 0.18138424821002386 0.07243460764587528 0.13365155131264916
0 0.5563715647563768 0.2786396181384248 0.07243460764587528 0.12768496420047734
0 0.04042588968871825 0.04474940334128878 0.0808517793774365 0.08949880668257756
