0 0.9215627116376646 0.09248210023866349 0.06103286384976525 0.10143198090692124
0 0.924916165695344 0.34427207637231505 0.06773977196512404 0.1276849642004773
0 0.3058685466477249 0.9552505966587113 0.06237424547283699 0.08949880668257759
0 0.7159959779019167 0.5990453460620525 0.06706908115358812 0.10978520286396187
0 0.2683098612017155 0.2464200477326969 0.07042253521126762 0.13961813842482101
0 0.34678068615141366 0.25 0.06908115358819583 0.10859188544152742
0 0.42256874785496834 0.46837708830548924 0.0663983903420523 0.11575178997613367
0 0.3779678088878322 0.6079952267303103 0.0697518443997317 0.13007159904534604
0 0.23410462981338553 0.8168257756563246 0.07176391683433939 0.13245823389021483
0 0.20627096113464644 0.7016706443914081 0.06841046277665994 0.12171837708830546
0 0.12310530050419705 0.8108591885441527 0.06036217303822937 0.10859188544152742
0 0.13685446214068264 0.5268496420047732 0.07712944332662643 0.1467780429594272
0 0.02801810967530443 0.34725536992840095 0.05603621935060886 0.14319809069212408
0 0.019969819936873846 0.03997613365155131 0.03993963987374769 0.07995226730310262
0 0.20895372438078996 0.028042959427207637 0.07780013413816231 0.05608591885441527
0 0.4956740463123795 0.023269689737470168 0.0731052984574111 0.046539379474940336
0 0.7518779363190864 0.13066825775656324 0.059691482226693404 0.12291169451073986
0 0.6026492307523527 0.17422434367541767 0.07780013413816222 0.1360381861575179
0 0.46415157817019304 0.3424821002386635 0.08249496981891347 0.14558472553699287
0 0.46549295979326477 0.5674224343675418 0.07712944332662647 0.12529832935560858
0 0.5453051663660347 0.9397374701670644 0.0663983903420523 0.12052505966587113
0 0.8591884661648275 0.9695704057279236 0.07444668008048294 0.06085918854415273
0 0.7585848444344452 0.7893794749403341 0.07176391683433936 0.11813842482100245
0 0.5939302502023862 0.4343675417661098 0.07243460764587528 0.11694510739856806
0 0.9730214631293621 0.10739856801909309 0.053957073741275785 0.13126491646778043
0 0.8819919537570475 0.25119331742243434 0.07176391683433936 0.1181384248210024
0 0.9493963803164036 0.5274463007159904 0.07243460764587528 0.12410501193317425
0 0.7408115379287443 0.5608591885441527 0.06572769953051649 0.11455847255369922
0 0.600637158317745 0.4182577565632458 0.061703554661301174 0.11097852028639621
0 0.310898727734244 0.6187350835322196 0.07109322602280349 0.12052505966587113
0 0.33739101478991135 0.3454653937947494 0.07578806170355468 0.13723150357995229
0 0.36924882833786576 0.16825775656324582 0.06841046277665991 0.12410501193317423
