0 0.9830818253024003 0.08532219570405727 0.033836349395199306 0.1324582338902148
0 0.6425553340387375 0.9743436754176611 0.07042253521126762 0.051312649164677815
0 0.6935278357154646 0.8937947494033412 0.06773977196512415 0.1288782816229117
0 0.8189470174726745 0.9391408114558473 0.07444668008048294 0.12171837708830546
0 0.9840878615197042 0.8872315035799523 0.031824276960591646 0.1229116945107398
0 0.953085179779851 0.8078758949880669 0.06773977196512404 0.116945107398568
0 0.9571093246490663 0.16706443914081148 0.07042253521126762 0.12649164677804298
0 0.9275989289414874 0.22553699284009548 0.0731052984574111 0.12649164677804295
0 0.8759557364532246 0.3054892601431981 0.07176391683433936 0.12171837708830549
0 0.7257209946691869 0.366945107398568 0.06908115358819578 0.1276849642004773
0 0.7773641871574499 0.6187350835322196 0.07042253521126762 0.10859188544152742
0 0.6633467491963501 0.7523866348448688 0.0663983903420523 0.12052505966587113
0 0.6080147572446397 0.8007159904534606 0.06438631790744465 0.1288782816229117
0 0.16904762109440497 0.9075178997613365 0.0704225352112676 0.12291169451073991
0 0.1670355486597973 0.7744630071599046 0.07310529845741112 0.12649164677804292
0 0.19050972706355318 0.8693317422434368 0.07847082494969818 0.13245823389021483
0 0.18950369084624938 0.7315035799522673 0.07377598926894702 0.1288782816229117
0 0.21297786925000523 0.6270883054892602 0.07511737089201875 0.14200477326968974
0 0.10365526696965648 0.7470167064439142 0.0670690811535882 0.12649164677804292
0 0.015610329661890614 0.5984486873508352 0.03122065932378123 0.11575178997613367
0 0.02835345508107237 0.4486873508353222 0.05670691016214474 0.12410501193317419
0 0.12712944537341236 0.4934367541766109 0.07243460764587525 0.12052505966587107
0 0.1552984594579194 0.3967780429594272 0.06438631790744466 0.11097852028639621
0 0.2901073125766317 0.3389021479713604 0.0643863179074447 0.10501193317422436
0 0.22974513953840228 0.3132458233890215 0.06572769953051644 0.11097852028639615
0 0.22505030385765112 0.17422434367541767 0.07377598926894702 0.1431980906921241
0 0.2951374936631508 0.23627684964200477 0.0663983903420523 0.12410501193317419
0 0.6754191838039958 0.13723150357995229 0.06773977196512415 0.12410501193317422
0 0.4976861187469871 0.27505966587112174 0.0717639168343393 0.13007159904534607
0 0.34376257749950223 0.5972553699284009 0.06841046277665996 0.12291169451073991
0 0.37897384510513604 0.779236276849642 0.06103286384976525 0.14797136038186154
0 0.45274983437408306 0.6288782816229117 0.07578806170355468 0.1288782816229117
0 0.504057681456578 0.6539379474940334 0.06572769953051649 0.11933174224343679
0 0.5131120074123123 0.5542959427207637 0.0556673373574782 0.11097852028639615
