0 0.70895372438079 0.9749403341288783 0.0663983903420523 0.05011933174224348
0 0.9780516442158812 0.7863961813842482 0.0438967115682376 0.12171837708830557
0 0.7508719001017825 0.9075178997613365 0.06572769953051638 0.14200477326968974
0 0.8363849785726075 0.5859188544152745 0.06773977196512404 0.12649164677804303
0 0.7361167022479932 0.5823389021479713 0.07914151576123407 0.14558472553699287
0 0.5959423226369939 0.5423627684964201 0.06841046277665996 0.1300715990453461
0 0.5067404447027215 0.7905727923627686 0.06438631790744465 0.12768496420047726
0 0.48896713819702065 0.675417661097852 0.06505700871898051 0.1408114558472554
0 0.023323273994553258 0.9385441527446301 0.046646547989106515 0.12291169451073991
0 0.09996646750620913 0.869928400954654 0.0677397719651241 0.12171837708830546
0 0.13182428105416352 0.7267303102625298 0.06841046277665996 0.12171837708830557
0 0.35717639373021987 0.40930787589498807 0.07511737089201875 0.13842482100238662
0 0.6033199215638885 0.3735083532219571 0.07377598926894702 0.14319809069212414
0 0.8095573461111722 0.32100238663484487 0.07712944332662641 0.13603818615751795
0 0.713983905467309 0.24164677804295942 0.08316566063044939 0.1324582338902148
0 0.49567404631237955 0.21181384248210022 0.07176391683433941 0.13007159904534604
0 0.32196512612458605 0.11992840095465393 0.0556673373574782 0.11336515513126492
0 0.08890006911586708 0.3126491646778043 0.0670690811535882 0.12410501193317425
0 0.18514420057126615 0.1873508353221957 0.13615023474178406 0.2362768496420048
