0 0.6241113367215009 0.7726730310262531 0.06036217303822933 0.10620525059665875
0 0.9386653273318295 0.27505966587112174 0.06304493628437291 0.12052505966587115
0 0.7666331341728758 0.04295942720763723 0.0731052984574111 0.08591885441527446
0 0.5198189155276712 0.39797136038186154 0.058350100603621724 0.10859188544152748
0 0.49232059225470004 0.5304295942720764 0.05700871898054993 0.10381861575178997
0 0.1274647907791803 0.7225536992840096 0.05566733735747821 0.09427207637231505
0 0.2579141536229093 0.9355608591885441 0.061703554661301147 0.10262529832935563
0 0.4973507733412192 0.7708830548926014 0.07377598926894702 0.14558472553699287
0 0.5342387679756927 0.8878281622911695 0.06036217303822933 0.10739856801909298
0 0.6378604983579864 0.8394988066825775 0.06505700871898057 0.10859188544152742
0 0.6952045627443044 0.8908114558472553 0.06304493628437291 0.1348448687350835
0 0.8122401093573157 0.7201670644391408 0.0731052984574111 0.13245823389021472
0 0.7314218665672421 0.6497613365155132 0.06706908115358823 0.13007159904534604
0 0.6630114037905821 0.45167064439140814 0.06706908115358823 0.10381861575179002
0 0.6620053675732782 0.40811455847255373 0.052984574111334615 0.1002386634844869
0 0.7894366217650958 0.38782816229116945 0.06773977196512404 0.12171837708830546
0 0.7334339390018496 0.15513126491646778 0.06706908115358823 0.11933174224343675
0 0.5825285064062762 0.26014319809069214 0.0764587525150906 0.12649164677804295
0 0.6261234091561085 0.19630071599045346 0.06975184439973181 0.12052505966587113
0 0.4986921549642909 0.4224343675417661 0.054996646545942274 0.10739856801909309
0 0.19285714490392877 0.619928400954654 0.06572769953051644 0.11097852028639621
0 0.2716633152593949 0.16706443914081145 0.07176391683433936 0.12410501193317423
0 0.20191147085966318 0.448090692124105 0.07712944332662641 0.1420047732696897
0 0.26395037092673224 0.42959427207637235 0.06170355466130112 0.12171837708830552
0 0.2850771314901126 0.3884248210023866 0.058350100603621724 0.12291169451073986
0 0.40345405972619575 0.6909307875894988 0.07511737089201881 0.12171837708830546
0 0.46649899601056866 0.7643198090692125 0.056338028169014065 0.10620525059665875
