0 0.9948189145042783 0.8221957040572792 0.010362170991443431 0.10023866348448685
0 0.5027162998335062 0.9844868735083532 0.06304493628437291 0.031026252983293534
0 0.32632461639956933 0.9892601431980907 0.049631120053655275 0.021479713603818618
0 0.225720994669187 0.986873508353222 0.05499664654594236 0.026252983293556076
0 0.9921361512581348 0.399164677804296 0.015727697483730485 0.1062052505966587
0 0.8692488283378658 0.8812649164677804 0.06505700871898057 0.12768496420047726
0 0.8736083186128489 0.48985680190930786 0.07377598926894702 0.14439140811455842
0 0.8464453407456458 0.7637231503579953 0.07042253521126762 0.13365155131264916
0 0.7575788082171413 0.7356801909307875 0.0697518443997317 0.12529832935560858
0 0.6217639188811253 0.8836515513126492 0.07042253521126762 0.14200477326968963
0 0.5402749852795157 0.8192124105011933 0.05902079141515759 0.11336515513126488
0 0.464486923575961 0.639618138424821 0.06706908115358817 0.11933174224343668
0 0.33101945208032046 0.6992840095465394 0.0697518443997317 0.13126491646778038
0 0.29748491150352635 0.8991646778042959 0.06438631790744465 0.11575178997613367
0 0.23779342927683286 0.863961813842482 0.07243460764587523 0.13603818615751784
0 0.2012407800481273 0.7905727923627686 0.07310529845741112 0.13245823389021483
0 0.123440645909965 0.8842482100238663 0.07310529845741112 0.12649164677804303
0 0.1559691502694553 0.9295942720763724 0.06975184439973173 0.1312649164677805
0 0.20828303356925407 0.6605011933174224 0.06706908115358817 0.12768496420047737
0 0.3662307196859542 0.5244630071599046 0.06908115358819583 0.1348448687350835
0 0.4728705587201595 0.5369928400954653 0.07042253521126768 0.116945107398568
0 0.5791750523485968 0.733890214797136 0.06975184439973181 0.12171837708830546
0 0.7616029530863566 0.5739856801909308 0.07109322602280355 0.12649164677804303
0 0.6613346767617423 0.36217183770883055 0.07578806170355468 0.13245823389021483
0 0.6043259577811924 0.2875894988066826 0.0663983903420523 0.12171837708830552
0 0.7119718330327014 0.4701670644391408 0.07780013413816234 0.1360381861575179
0 0.7921193850112394 0.09725536992840095 0.06103286384976525 0.12529832935560858
0 0.6566398410809912 0.1724343675417661 0.0731052984574112 0.13245823389021477
0 0.543963784742963 0.2541766109785203 0.06103286384976525 0.1145584725536993
0 0.5339034225699247 0.0220763723150358 0.05700871898054993 0.0441527446300716
0 0.3826626445685834 0.2905727923627685 0.06304493628437291 0.11575178997613367
0 0.3410798142533587 0.19689737470167065 0.06438631790744465 0.12171837708830552
0 0.19587525355584023 0.08174224343675418 0.07310529845741112 0.13961813842482101
0 0.007562039923460031 0.42601431980906923 0.015124079846920062 0.11455847255369928
