0 0.9840878615197042 0.6294749403341289 0.031824276960591646 0.10143198090692129
0 0.23879946549413666 0.9600238663484486 0.10261569416498992 0.07995226730310268
0 0.6848088551654982 0.9385441527446301 0.06505700871898057 0.12291169451073991
0 0.7294097941326343 0.04355608591885442 0.07914151576123407 0.08711217183770883
0 0.9726861177235941 0.8269689737470167 0.05462776455281171 0.1288782816229117
0 0.6398725707925941 0.04295942720763723 0.06505700871898057 0.08591885441527446
0 0.8182763266611388 0.10083532219570404 0.0663983903420523 0.11575178997613364
0 0.8702548645551695 0.44928400954653935 0.06841046277665996 0.12529832935560864
0 0.8809859175397436 0.8544152744630071 0.0697518443997317 0.12410501193317425
0 0.8591884661648275 0.9272076372315036 0.07176391683433936 0.1288782816229117
0 0.804862510430421 0.8920047732696897 0.08249496981891358 0.13007159904534604
0 0.6398725707925941 0.8920047732696897 0.0731052984574111 0.11097852028639621
0 0.7783702233747538 0.6599045346062052 0.0697518443997317 0.13603818615751795
0 0.771327969853627 0.5829355608591885 0.06371562709590872 0.11097852028639621
0 0.48226023008166186 0.9385441527446301 0.07444668008048289 0.12291169451073991
0 0.5107645895719368 0.9152744630071599 0.061703554661301174 0.11455847255369933
0 0.47320590412592745 0.75 0.0764587525150906 0.13007159904534604
0 0.5184775339045995 0.6778042959427208 0.06371562709590878 0.12410501193317425
0 0.3967471516108369 0.5954653937947494 0.0697518443997317 0.13603818615751795
0 0.5808517793774365 0.41766109785202865 0.06103286384976525 0.12410501193317425
0 0.6851442005712661 0.7434367541766109 0.06975184439973181 0.13842482100238673
0 0.1512743145887041 0.34606205250596656 0.06841046277665996 0.12649164677804298
0 0.12209926428689324 0.3060859188544153 0.0744466800804829 0.13723150357995229
0 0.02768276426953649 0.4367541766109785 0.05536552853907298 0.11455847255369928
0 0.029359491298376193 0.548329355608592 0.058718982596752387 0.11575178997613367
0 0.09292421398508237 0.5757756563245824 0.07243460764587525 0.10859188544152742
0 0.10734406643310385 0.6282816229116945 0.061032863849765265 0.11813842482100234
0 0.10399061237542442 0.8257756563245824 0.06505700871898056 0.1312649164677805
0 0.16133467676174232 0.717780429594272 0.06304493628437291 0.11813842482100234
0 0.20593561572887847 0.698090692124105 0.06773977196512407 0.12171837708830546
0 0.2666331341728758 0.6825775656324582 0.06170355466130112 0.11455847255369933
0 0.2622736438978926 0.48150357995226734 0.07712944332662644 0.13245823389021477
0 0.3427565412821984 0.37171837708830546 0.07847082494969815 0.13245823389021477
0 0.259926226057517 0.3132458233890215 0.06572769953051646 0.1300715990453461
0 0.21867874114806024 0.2702863961813842 0.0663983903420523 0.1324582338902148
0 0.16569416703672557 0.2064439140811456 0.07176391683433939 0.13365155131264916
0 0.20325285248273495 0.10143198090692124 0.0677397719651241 0.11933174224343673
0 0.07179745342170209 0.2535799522673031 0.04896042924211938 0.09665871121718378
0 0.03591549500453241 0.0948687350835322 0.06975184439973173 0.13007159904534604
0 0.509758553354633 0.041766109785202864 0.07578806170355473 0.08353221957040573
0 0.45308517977985097 0.09248210023866349 0.06841046277665996 0.11575178997613367
0 0.4091549316242507 0.41646778042959426 0.06773977196512404 0.11217183770883055
0 0.5245137512084224 0.5489260143198091 0.06908115358819583 0.1312649164677805
