0 0.8249832347764976 0.9695704057279236 0.07042253521126762 0.06085918854415273
0 0.9803990620562568 0.9236276849642004 0.03920187588748636 0.11933174224343679
0 0.8923876613358537 0.6909307875894988 0.07243460764587528 0.116945107398568
0 0.8702548645551695 0.5590692124105012 0.07377598926894702 0.12052505966587118
0 0.9252515111011119 0.24343675417661098 0.06841046277665996 0.12171837708830549
0 0.8414151596591266 0.20823389021479716 0.07377598926894702 0.12052505966587115
0 0.8347082515437678 0.3251789976133651 0.06438631790744465 0.1181384248210024
0 0.6750838383982278 0.4552505966587112 0.07109322602280355 0.12768496420047726
0 0.7143192508730769 0.16527446300715992 0.0663983903420523 0.11336515513126491
0 0.5064050992969537 0.14498806682577564 0.07176391683433941 0.1324582338902148
0 0.4145204581165378 0.23627684964200477 0.07310529845741115 0.1360381861575179
0 0.3648893380628825 0.8591885441527447 0.0677397719651241 0.116945107398568
0 0.2948021482573828 0.8144391408114559 0.06706908115358817 0.1348448687350836
0 0.22203219520573964 0.9045346062052506 0.07712944332662641 0.14558472553699287
0 0.2532193179421582 0.6426014319809069 0.07511737089201878 0.13723150357995229
0 0.13215962645993146 0.46837708830548924 0.07176391683433936 0.1348448687350835
0 0.2206908135826679 0.3585918854415274 0.07310529845741112 0.13723150357995223
0 0.08051643397166855 0.26312649164677804 0.07847082494969819 0.1348448687350835
0 0.06341381827750356 0.09606205250596658 0.06170355466130114 0.11336515513126492
0 0.8487927585860213 0.05369928400954654 0.06572769953051649 0.10739856801909307
