0 0.6184104648234459 0.9099045346062052 0.07981220657277 0.1467780429594272
0 0.5184775339045995 0.6772076372315036 0.0784708249496982 0.13007159904534604
0 0.5463112025833385 0.5644391408114559 0.07109322602280355 0.1336515513126491
0 0.7099597605980938 0.21957040572792363 0.0697518443997317 0.14558472553699287
0 0.4785714306182145 0.1318615751789976 0.07243460764587528 0.12052505966587111
0 0.3249832347764975 0.30250596658711215 0.06706908115358817 0.1324582338902148
0 0.058718982596752387 0.3353221957040573 0.06975184439973173 0.12410501193317419
0 0.1495975875598644 0.32458233890214794 0.06908115358819585 0.1360381861575179
0 0.1717303843405485 0.6485680190930787 0.07444668008048289 0.13007159904534615
0 0.24215291955181611 0.6772076372315036 0.07176391683433939 0.12768496420047737
0 0.2592555352459811 0.9659904534606205 0.07109322602280346 0.06801909307875897
