0 0.6915157632808571 0.03400954653937947 0.07042253521126762 0.06801909307875895
0 0.3705902099609375 0.038782816229116945 0.06572769953051638 0.07756563245823389
0 0.8648893380628826 0.08293556085918855 0.07377598926894702 0.12529832935560858
0 0.8957411153935331 0.15035799522673032 0.06706908115358812 0.12649164677804295
0 0.9720154269120582 0.6097852028639619 0.055969146175883444 0.1312649164677805
0 0.844768613716806 0.5089498806682577 0.07511737089201875 0.13484486873508356
0 0.7612676076805887 0.6091885441527447 0.07042253521126762 0.11813842482100234
0 0.6630114037905821 0.6670644391408115 0.0697518443997317 0.13842482100238662
0 0.5684439993640227 0.6527446300715991 0.06572769953051649 0.1312649164677805
0 0.5805164339716686 0.4403341288782816 0.06036217303822944 0.10739856801909309
0 0.5717974534217021 0.2977326968973747 0.06572769953051649 0.12529832935560858
0 0.5825285064062762 0.0954653937947494 0.07511737089201875 0.13365155131264916
0 0.3400737780360549 0.09248210023866349 0.06773977196512404 0.11575178997613367
0 0.4628101965471213 0.6992840095465394 0.07042253521126757 0.12649164677804292
0 0.4098256224357866 0.75 0.07042253521126757 0.12768496420047737
0 0.34342723209373427 0.7834128878281623 0.07042253521126762 0.12529832935560858
0 0.6365191167349147 0.8031026252983293 0.06908115358819589 0.11933174224343679
0 0.01829309290803414 0.6610978520286396 0.03658618581606828 0.1288782816229117
0 0.1489268967483285 0.9081145584725537 0.06908115358819583 0.1288782816229117
0 0.18682092760010585 0.7613365155131264 0.07109322602280349 0.12649164677804292
0 0.2699865882305552 0.04832935560859188 0.06304493628437291 0.09665871121718377
0 0.1086854480561756 0.1795942720763723 0.07578806170355465 0.139618138424821
0 0.34979879480332515 0.24224343675417662 0.0697518443997317 0.13126491646778043
0 0.06006036421982415 0.43377088305489264 0.06975184439973173 0.13723150357995234
