0 0.2948021482573828 0.017303102625298328 0.07914151576123407 0.034606205250596656
0 0.9703386998832186 0.40930787589498807 0.05932260023356284 0.1408114558472554
0 0.9711938316913198 0.06443914081145585 0.04761904761904767 0.0954653937947494
0 0.7740107330997705 0.0954653937947494 0.06505700871898057 0.12410501193317422
0 0.736452047653761 0.1581145584725537 0.06773977196512415 0.12052505966587113
0 0.7696512428247873 0.22673031026252982 0.06841046277665996 0.13126491646778046
0 0.861871229410971 0.41646778042959426 0.07444668008048283 0.13365155131264916
0 0.822300471530354 0.6825775656324582 0.06371562709590872 0.11455847255369933
0 0.5392689490622118 0.9510739856801909 0.07176391683433936 0.09785202863961817
0 0.4309523829991668 0.5644391408114559 0.06572769953051644 0.11455847255369922
0 0.26965124282478725 0.22255369928400953 0.07712944332662641 0.15155131264916466
0 0.18447350975973026 0.3568019093078759 0.07310529845741115 0.13365155131264916
0 0.02868880048684031 0.27088305489260145 0.05737760097368062 0.1360381861575179
0 0.045975857177570634 0.9713603818615753 0.08316566063044936 0.05727923627684961
0 0.013262911821515028 0.9218377088305489 0.026525823643030057 0.12529832935560858
