0 0.02868880048684031 0.9307875894988067 0.05737760097368062 0.12649164677804303
0 0.18648558219433792 0.7607398568019093 0.06639839034205233 0.12052505966587101
0 0.2404761925229764 0.7201670644391409 0.06572769953051644 0.11575178997613367
0 0.9581153608663702 0.788782816229117 0.07377598926894702 0.12410501193317414
0 0.828336688834177 0.9134844868735084 0.06371562709590883 0.12052505966587113
0 0.6174044286061421 0.8920047732696897 0.07109322602280344 0.13961813842482096
0 0.6663648578482615 0.7762529832935561 0.07780013413816234 0.12768496420047737
0 0.7213615043942038 0.5548926014319809 0.07243460764587528 0.13842482100238668
0 0.9787223350274171 0.18019093078758952 0.042555329945165754 0.11933174224343676
0 0.8712609007724734 0.37828162291169454 0.07176391683433936 0.13126491646778043
0 0.612709592925391 0.2243436754176611 0.06706908115358823 0.1145584725536993
0 0.5764922891024533 0.07517899761336516 0.07377598926894702 0.13365155131264916
0 0.49299128306623596 0.23269689737470167 0.06773977196512404 0.1312649164677804
0 0.05938967340828827 0.6133651551312649 0.08450704225352113 0.152744630071599
0 0.1358484259233788 0.5894988066825775 0.06036217303822938 0.13365155131264916
0 0.04932931123525004 0.47255369928400953 0.07511737089201878 0.13365155131264916
0 0.19084507246932114 0.30787589498806683 0.07377598926894702 0.12649164677804295
