0 0.17676056542706764 0.9689737470167065 0.08048289738430583 0.06205250596658707
0 0.30150905637274167 0.4182577565632458 0.07511737089201875 0.12291169451073986
0 0.37260228239554516 0.35620525059665875 0.06438631790744465 0.12291169451073986
0 0.18950369084624938 0.19928400954653935 0.07109322602280349 0.13365155131264914
0 0.37092555536670546 0.22374701670644392 0.0663983903420523 0.12291169451073983
0 0.5959423226369938 0.028639618138424822 0.07377598926894702 0.057279236276849645
0 0.6274647907791804 0.16109785202863963 0.0697518443997317 0.14081145584725538
0 0.7834004044612728 0.22732696897374702 0.06908115358819578 0.12291169451073986
0 0.8990945694512125 0.3914081145584726 0.06304493628437291 0.10978520286396182
0 0.8440979229052701 0.477326968973747 0.06572769953051638 0.12649164677804292
0 0.7927900758227753 0.7810262529832936 0.0731052984574111 0.12529832935560858
0 0.5429577485256591 0.8591885441527447 0.06572769953051649 0.12410501193317425
0 0.52652582364303 0.9373508353221957 0.061032863849765195 0.12052505966587113
