0 0.9229040932607363 0.045346062052505964 0.07578806170355468 0.09069212410501193
0 0.9760395717812735 0.3353221957040573 0.04792085643745281 0.1360381861575179
0 0.8088866552996363 0.8782816229116945 0.06237424547283699 0.12410501193317425
0 0.6355130805176108 0.9582338902147971 0.07109322602280355 0.08353221957040569
0 0.5214956425565109 0.9653937947494033 0.07645875251509054 0.06921241050119331
0 0.47219986790862367 0.8311455847255369 0.0677397719651241 0.13245823389021483
0 0.6975519805846799 0.7893794749403341 0.0556673373574782 0.10381861575178997
0 0.7391348108999046 0.5346062052505967 0.06103286384976525 0.08353221957040574
0 0.7495305184787108 0.5662291169451075 0.06841046277665996 0.113365155131265
0 0.7810529866208973 0.412291169451074 0.06841046277665996 0.12291169451073986
0 0.59493628641969 0.46062052505966583 0.05700871898054993 0.10023866348448685
0 0.5459758571775706 0.4600238663484487 0.06908115358819578 0.12768496420047737
0 0.5315560047295491 0.571599045346062 0.06706908115358823 0.116945107398568
0 0.5064050992969537 0.6628878281622912 0.0503018108651912 0.10859188544152742
0 0.3779678088878322 0.6640811455847255 0.06572769953051644 0.10620525059665864
0 0.22203219520573964 0.8311455847255369 0.0637156270959088 0.11575178997613367
0 0.27937625959205753 0.6324582338902147 0.0670690811535882 0.11455847255369933
0 0.32498323477649754 0.5883054892601431 0.05902079141515759 0.11217183770883055
0 0.34678068615141366 0.4295942720763723 0.07042253521126757 0.1288782816229117
0 0.2552313903767658 0.09069212410501193 0.0670690811535882 0.13126491646778043
0 0.4198859846088248 0.0477326968973747 0.06505700871898057 0.0954653937947494
