0 0.14188464322720173 0.9355608591885441 0.0670690811535882 0.11694510739856812
0 0.026006037240696785 0.44749403341288785 0.05201207448139357 0.15035799522673027
0 0.11472166535999853 0.0883054892601432 0.08651911468812877 0.1360381861575179
0 0.2233735768288114 0.11157517899761336 0.07444668008048289 0.1324582338902148
0 0.1194165010407497 0.21241050119331742 0.07578806170355465 0.13126491646778043
0 0.27870556878052166 0.5668257756563246 0.06572769953051646 0.10978520286396176
0 0.3642186472513466 0.5238663484486874 0.07981220657277 0.12649164677804292
0 0.37360831861284893 0.6963007159904535 0.08517773306505699 0.14200477326968974
0 0.3518108672379328 0.8848448687350836 0.07243460764587528 0.11575178997613367
0 0.3689134829320978 0.8168257756563246 0.06237424547283699 0.10620525059665875
0 0.8933936975531576 0.8872315035799523 0.07042253521126762 0.12529832935560858
0 0.6888330000347135 0.8227923627684964 0.07444668008048283 0.13245823389021472
0 0.5520120744813936 0.6539379474940334 0.06371562709590872 0.12410501193317425
0 0.6086854480561756 0.607398568019093 0.05633802816901412 0.10739856801909309
0 0.6915157632808571 0.23269689737470167 0.07578806170355457 0.12649164677804295
0 0.7411468833345123 0.168854415274463 0.07042253521126751 0.12529832935560858
0 0.8917169705243178 0.4725536992840096 0.07109322602280344 0.11455847255369928
