0 0.7656270979555719 0.7983293556085919 0.06841046277665996 0.13126491646778038
0 0.6925217994981608 0.8186157517899761 0.07109322602280344 0.13842482100238662
0 0.08856472371009913 0.9486873508353222 0.07444668008048289 0.10262529832935563
0 0.14322602485027353 0.8627684964200477 0.07914151576123409 0.14319809069212408
0 0.2471831006383352 0.7965393794749404 0.061703554661301147 0.12052505966587113
0 0.1143863199542306 0.7225536992840096 0.06841046277665996 0.11813842482100234
0 0.1898390362520173 0.613961813842482 0.0784708249496982 0.13245823389021483
0 0.3430918866879663 0.5596658711217184 0.06572769953051644 0.11933174224343679
0 0.40177733269735605 0.19630071599045346 0.07310529845741115 0.1348448687350835
0 0.7330985935960816 0.3132458233890215 0.06908115358819578 0.13484486873508356
0 0.7870892039247201 0.2464200477326969 0.06706908115358823 0.11336515513126494
0 0.7230382314230435 0.10501193317422433 0.07042253521126751 0.12410501193317422
