0 0.7022468162654312 0.9552505966587113 0.08249496981891347 0.08949880668257759
0 0.9477196532875639 0.9385441527446301 0.07578806170355468 0.12291169451073991
0 0.8259892709938014 0.1986873508353222 0.07511737089201875 0.13961813842482101
0 0.935982564085686 0.3204057279236277 0.07511737089201875 0.14677804295942723
0 0.8930583521473896 0.6730310262529833 0.07377598926894702 0.1408114558472553
0 0.7911133487939355 0.7195704057279236 0.0697518443997317 0.12410501193317414
0 0.7213615043942038 0.6545346062052506 0.07914151576123407 0.13007159904534604
0 0.6361837713291467 0.6324582338902148 0.07645875251509049 0.13603818615751795
0 0.5650905453063433 0.49940334128878283 0.07914151576123407 0.13961813842482101
0 0.6043259577811924 0.3496420047732697 0.0663983903420523 0.13126491646778043
0 0.4571093246490663 0.448090692124105 0.08450704225352113 0.13007159904534604
0 0.4758886673720709 0.7237470167064439 0.0576794097920858 0.10381861575178997
0 0.31794098125537074 0.7571599045346062 0.06908115358819583 0.12768496420047726
0 0.19989939842505555 0.8436754176610979 0.07444668008048291 0.13365155131264916
0 0.10499664859272824 0.8007159904534606 0.07780013413816231 0.13842482100238662
0 0.03137156373298384 0.4618138424821002 0.06274312746596768 0.13365155131264922
0 0.054024146916001214 0.15214797136038188 0.07377598926894702 0.13245823389021483
0 0.2669684795786438 0.29952267303102625 0.0784708249496982 0.15990453460620524
0 0.4520791435625472 0.18615751789976134 0.06505700871898051 0.11217183770883055
0 0.5593896734082883 0.021479713603818614 0.05700871898054993 0.04295942720763723
0 0.7039235432942708 0.2380668257756563 0.0697518443997317 0.1324582338902148
0 0.7901073125766316 0.5184964200477327 0.07042253521126762 0.13484486873508356
0 0.7290744487268663 0.4301909307875895 0.07847082494969826 0.12529832935560858
0 0.8876928256551024 0.22852028639618138 0.07109322602280355 0.13723150357995229
0 0.7391348108999047 0.3013126491646778 0.07042253521126762 0.12052505966587113
0 0.022987928588785317 0.07159904534606207 0.045975857177570634 0.13603818615751792
0 0.191515763280857 0.030429594272076373 0.08048289738430583 0.060859188544152745
