0 0.05637156475637681 0.4636038186157518 0.07176391683433937 0.11813842482100234
0 0.123440645909965 0.4934367541766109 0.08383635144198523 0.14439140811455847
0 0.21867874114806024 0.33054892601431984 0.07310529845741112 0.12171837708830552
0 0.282394368243969 0.35799522673031026 0.06371562709590883 0.11217183770883055
0 0.3598591569763634 0.21360381861575178 0.05902079141515759 0.11933174224343676
0 0.4326291100280066 0.2702863961813842 0.06908115358819589 0.1205250596658711
0 0.38836351646663836 0.4301909307875895 0.0556673373574782 0.12052505966587113
0 0.7327632481903137 0.665871121718377 0.07645875251509049 0.1288782816229116
0 0.6844735097597303 0.45584725536992843 0.06572769953051638 0.12410501193317419
0 0.6469148243137208 0.6288782816229117 0.07109322602280355 0.12410501193317414
0 0.4410127451722051 0.7953460620525059 0.06572769953051644 0.13245823389021483
