0 0.5617370912486639 0.9457040572792363 0.07511737089201875 0.10859188544152742
0 0.64054326160413 0.9564439140811456 0.07981220657277 0.08711217183770881
0 0.9376592911145257 0.22971360381861575 0.06908115358819589 0.1062052505966587
0 0.8766264272647604 0.9486873508353222 0.07444668008048294 0.10262529832935563
0 0.8608651931936673 0.733890214797136 0.07243460764587517 0.11933174224343679
0 0.8789738451051361 0.5715990453460621 0.06706908115358823 0.1288782816229117
0 0.7783702233747538 0.4373508353221957 0.08182427900737765 0.1348448687350835
0 0.7817236774324332 0.47732696897374705 0.0697518443997317 0.12171837708830552
0 0.9453722354471883 0.40990453460620524 0.06841046277665996 0.1276849642004773
0 0.9713447361005224 0.1575178997613365 0.05731052779895518 0.13365155131264916
0 0.8799798813224398 0.17840095465393796 0.07444668008048294 0.1324582338902148
0 0.782394368243969 0.16885441527446302 0.06841046277665996 0.14200477326968974
0 0.7042588887000387 0.21360381861575178 0.07712944332662641 0.14558472553699284
0 0.7059356157288785 0.6509546539379475 0.07645875251509049 0.13961813842482096
0 0.5362508404103004 0.9260143198090691 0.05097250167672707 0.09785202863961817
0 0.6760898746155317 0.8633651551312649 0.07712944332662641 0.14200477326968974
0 0.5617370912486639 0.7386634844868735 0.0697518443997317 0.1288782816229117
0 0.5711267626101661 0.6044152744630071 0.07243460764587517 0.13723150357995229
0 0.6076794118388718 0.4105011933174224 0.06505700871898057 0.11694510739856806
0 0.6227699550984291 0.2989260143198091 0.057679409792085856 0.10381861575179
0 0.6180751194176779 0.0405727923627685 0.06706908115358823 0.081145584725537
0 0.4229040932607363 0.09128878281622912 0.06841046277665996 0.13007159904534607
0 0.35784708454175573 0.14439140811455847 0.06706908115358823 0.12171837708830548
0 0.2159959779019167 0.02386634844868735 0.07042253521126762 0.0477326968973747
0 0.30720992827079663 0.10918854415274463 0.061032863849765306 0.10620525059665872
0 0.3897048980897101 0.29295942720763724 0.06371562709590878 0.11097852028639621
0 0.4923205922547001 0.7076372315035799 0.07042253521126762 0.13365155131264916
0 0.3970824970166048 0.8287589498806682 0.06908115358819583 0.14200477326968974
0 0.22035546817689994 0.9361575178997613 0.07377598926894702 0.12768496420047737
0 0.2756874601286102 0.860381861575179 0.06505700871898054 0.12171837708830557
0 0.32028839909574636 0.7380668257756564 0.07243460764587528 0.12529832935560858
0 0.18715627300587379 0.8412887828162292 0.06103286384976525 0.12410501193317425
0 0.24517102820372755 0.5996420047732698 0.06304493628437288 0.10859188544152742
0 0.20828303356925407 0.4719570405727923 0.07109322602280349 0.14439140811455847
0 0.24584171901526344 0.2869928400954654 0.06706908115358817 0.1324582338902148
0 0.11773977401190999 0.3568019093078759 0.073775989268947 0.1360381861575179
