0 0.9597920878952098 0.8633651551312649 0.07176391683433936 0.12768496420047737
0 0.9564386338375304 0.9075178997613365 0.06773977196512404 0.12529832935560858
0 0.6432260248502735 0.024463007159904536 0.06103286384976525 0.04892601431980907
0 0.9638162327644251 0.08174224343675418 0.06505700871898057 0.11575178997613367
0 0.8886988618724063 0.24940334128878283 0.07712944332662641 0.1431980906921241
0 0.9054661321608034 0.46360381861575173 0.07176391683433936 0.1276849642004773
0 0.6874916184116417 0.9081145584725536 0.07176391683433936 0.13365155131264916
0 0.5979543950716015 0.8609785202863962 0.06706908115358823 0.13007159904534604
0 0.6596579497329026 0.7022673031026253 0.07914151576123407 0.13007159904534604
0 0.6667002032540293 0.5799522673031026 0.07176391683433936 0.116945107398568
0 0.6908450724693211 0.3902147971360382 0.06505700871898057 0.116945107398568
0 0.5885647237100992 0.227326968973747 0.07109322602280344 0.1324582338902148
0 0.40580147756657126 0.681980906921241 0.06371562709590878 0.12052505966587113
0 0.13249497186569942 0.9361575178997613 0.07511737089201878 0.12768496420047737
0 0.19989939842505555 0.8693317422434368 0.062374245472837014 0.11813842482100234
0 0.2133132146557732 0.5041766109785203 0.06505700871898054 0.12768496420047737
0 0.2974849115035264 0.6640811455847255 0.07243460764587523 0.13007159904534604
0 0.0899061053331709 0.0441527446300716 0.061032863849765265 0.0883054892601432
0 0.26126760768058876 0.05071599045346062 0.07377598926894705 0.10143198090692124
0 0.14490275187911322 0.4152744630071599 0.06505700871898056 0.116945107398568
0 0.11539235617153443 0.5101431980906921 0.05030181086519116 0.09188544152744632
0 0.6294768632137879 0.4862768496420048 0.06841046277665996 0.12529832935560853
0 0.8172702904438349 0.5733890214797136 0.06170355466130106 0.1229116945107398
