0 0.012927566415747088 0.2881861575178998 0.025855132831494175 0.12291169451073986
0 0.9550972522144586 0.9516706443914081 0.06639839034205242 0.09665871121718372
0 0.9688464138509443 0.6945107398568019 0.06170355466130106 0.11933174224343679
0 0.9510731073452434 0.5751789976133651 0.0731052984574111 0.13842482100238662
0 0.9017773326973559 0.7637231503579952 0.07109322602280355 0.13126491646778038
0 0.7951374936631508 0.9230310262529833 0.06841046277665996 0.12768496420047737
0 0.8246478893707296 0.7171837708830548 0.06572769953051638 0.12171837708830557
0 0.7901073125766317 0.6008353221957041 0.06908115358819589 0.11813842482100234
0 0.9483903440990998 0.2488066825775656 0.06505700871898057 0.11575178997613364
0 0.5225016787738148 0.27804295942720764 0.06371562709590878 0.12410501193317425
0 0.6244466821272687 0.09546539379474941 0.07712944332662641 0.14081145584725538
0 0.8008383655612057 0.21121718377088305 0.07712944332662641 0.13603818615751792
0 0.3323608337033922 0.7410501193317423 0.07243460764587523 0.12649164677804303
0 0.4403420543606692 0.5536992840095465 0.06304493628437291 0.11933174224343673
0 0.17977867407897907 0.6801909307875895 0.0637156270959088 0.11217183770883055
0 0.2361167022479932 0.5984486873508352 0.07176391683433939 0.12529832935560858
0 0.1831321281366585 0.24761336515513127 0.07042253521126762 0.14439140811455844
0 0.13182428105416352 0.09904534606205251 0.06975184439973171 0.12171837708830548
0 0.12176391888112528 0.1658711217183771 0.06572769953051642 0.10739856801909309
0 0.45476190680869066 0.046539379474940336 0.06908115358819583 0.09307875894988067
0 0.10030181291197707 0.3031026252983293 0.06170355466130116 0.11455847255369928
0 0.03625084041030034 0.4427207637231504 0.05298457411133467 0.09546539379474944
0 0.1314889356483956 0.46778042959427213 0.062374245472837014 0.1121718377088306
