0 0.7518779363190864 0.25 0.04761904761904767 0.08233890214797135
0 0.3414151596591266 0.9689737470167065 0.06908115358819583 0.06205250596658707
0 0.1653588216309576 0.9731503579952268 0.06841046277665994 0.05369928400954649
0 0.7532193179421582 0.9164677804295943 0.07042253521126762 0.13842482100238662
0 0.9793930258389529 0.6044152744630071 0.04121394832209402 0.12529832935560858
0 0.8876928256551024 0.6330548926014319 0.07780013413816234 0.14200477326968974
0 0.7891012763593279 0.6431980906921242 0.06706908115358823 0.12410501193317425
0 0.7186787411480602 0.22315035799522673 0.07243460764587517 0.13126491646778043
0 0.7099597605980937 0.12171837708830548 0.08316566063044939 0.14319809069212408
0 0.7418175741460482 0.3532219570405728 0.07042253521126762 0.12171837708830546
0 0.29983232934390197 0.8573985680190931 0.06505700871898057 0.12052505966587113
0 0.43397049165107837 0.29594272076372313 0.06505700871898051 0.11933174224343676
0 0.10969148427347943 0.5196897374701671 0.0670690811535882 0.12052505966587118
0 0.2733400422882346 0.11157517899761338 0.08048289738430581 0.13007159904534607
0 0.2562374265940696 0.2881861575178998 0.0663983903420523 0.10859188544152745
