0 0.019969819936873846 0.9355608591885441 0.03993963987374769 0.11455847255369922
0 0.013262911821515028 0.14498806682577564 0.026525823643030057 0.1276849642004773
0 0.964486923575961 0.42482100238663484 0.0382293762575453 0.08114558472553701
0 0.9696680090716827 0.0441527446300716 0.060663981856634575 0.0883054892601432
0 0.7056002703231106 0.050119331742243436 0.07176391683433936 0.10023866348448687
0 0.7250503038576511 0.26312649164677804 0.06505700871898057 0.10859188544152742
0 0.8313547974860884 0.16467780429594273 0.07511737089201875 0.13126491646778043
0 0.9807344074620248 0.675417661097852 0.03853118507595055 0.12410501193317425
0 0.9175385667684492 0.6939140811455847 0.07444668008048283 0.12768496420047737
0 0.7431589557691198 0.9301909307875895 0.07712944332662641 0.13961813842482096
0 0.6110328658965511 0.3747016706443914 0.06237424547283699 0.116945107398568
0 0.48695506576241304 0.6915274463007159 0.07444668008048294 0.12291169451073991
0 0.35885312075905956 0.9063245823389021 0.0663983903420523 0.12529832935560858
0 0.20627096113464644 0.8323389021479713 0.06438631790744467 0.1348448687350836
0 0.3092220007054043 0.49284009546539376 0.07176391683433936 0.10978520286396182
0 0.38668678943779866 0.42720763723150357 0.07377598926894702 0.13126491646778043
0 0.4768947035893748 0.18854415274463007 0.04493628437290409 0.09069212410501193
0 0.24450033739219168 0.04474940334128878 0.05902079141515759 0.08949880668257756
0 0.22270288601727553 0.2309069212410501 0.07444668008048289 0.13961813842482104
0 0.157645877298295 0.2583532219570406 0.05700871898054996 0.10381861575178997
