0 0.9780516442158812 0.12291169451073986 0.0438967115682376 0.13842482100238662
0 0.973692153940898 0.16467780429594273 0.05261569211820405 0.11217183770883055
0 0.9783869896216492 0.5871121718377088 0.04322602075670168 0.13365155131264916
0 0.8601945023821314 0.36873508353221957 0.06706908115358823 0.12171837708830546
0 0.6308182448368597 0.1437947494033413 0.07243460764587528 0.13723150357995226
0 0.5959423226369938 0.318019093078759 0.07780013413816234 0.13484486873508356
0 0.7056002703231106 0.4409307875894988 0.06505700871898057 0.11097852028639615
0 0.25892018984021314 0.9653937947494033 0.07310529845741115 0.06921241050119331
0 0.6760898746155317 0.9540572792362769 0.07042253521126762 0.09188544152744627
0 0.6438967156618094 0.8144391408114559 0.06773977196512404 0.11575178997613356
0 0.5754862528851494 0.8365155131264916 0.07578806170355468 0.12410501193317414
0 0.509758553354633 0.8824582338902147 0.05432595573440652 0.11575178997613367
0 0.4611334695182816 0.7965393794749404 0.06706908115358817 0.1229116945107398
0 0.5050637176738818 0.6801909307875895 0.07176391683433936 0.12649164677804292
0 0.3139168363861555 0.747016706443914 0.07444668008048294 0.1288782816229117
0 0.37092555536670546 0.5978520286396182 0.07578806170355462 0.1288782816229117
0 0.44839034409909984 0.2690930787589499 0.06304493628437285 0.11336515513126491
0 0.4436955084183486 0.48568019093078757 0.07109322602280349 0.12649164677804292
0 0.21431925087307702 0.3788782816229117 0.07645875251509052 0.13961813842482101
0 0.31592890882076313 0.4284009546539379 0.06505700871898057 0.11933174224343673
0 0.19252179949816084 0.4922434367541766 0.0784708249496982 0.13484486873508356
0 0.05435949232176916 0.33591885441527447 0.07042253521126761 0.12052505966587113
0 0.2052649249173426 0.13961813842482101 0.07176391683433939 0.13365155131264916
