0 0.8987592240454445 0.6288782816229117 0.07444668008048294 0.13126491646778038
0 0.4011066418858201 0.9379474940334129 0.06505700871898057 0.11455847255369933
0 0.7056002703231106 0.9224343675417661 0.06505700871898057 0.10262529832935563
0 0.703252852482735 0.782219570405728 0.07511737089201875 0.10859188544152742
0 0.9498826301313742 0.7291169451073986 0.10023473973725161 0.19093078758949877
0 0.9574446700548342 0.3639618138424821 0.07109322602280355 0.12410501193317425
0 0.8035211288073493 0.07696897374701671 0.05700871898054993 0.13007159904534607
0 0.6358484259233788 0.6324582338902148 0.07712944332662641 0.12171837708830546
0 0.5808517793774366 0.7637231503579953 0.08115358819584173 0.14319809069212408
0 0.4661636506048007 0.8973747016706444 0.06103286384976525 0.10262529832935563
0 0.4836016117047336 0.43138424821002386 0.054325955734406406 0.11575178997613367
0 0.5593896734082883 0.5298329355608592 0.0623742454728371 0.10501193317422436
0 0.49332662847200387 0.6270883054892602 0.06572769953051638 0.1109785202863961
0 0.2099597605980938 0.7213603818615753 0.06505700871898054 0.12291169451073991
0 0.123440645909965 0.633054892601432 0.07578806170355465 0.13007159904534604
0 0.18615023678856996 0.5507159904534606 0.06036217303822938 0.12291169451073986
0 0.08521126965241974 0.06801909307875896 0.06505700871898056 0.1217183770883055
0 0.2699865882305552 0.2022673031026253 0.07645875251509052 0.13723150357995229
