0 0.9827464798966323 0.6646778042959427 0.03450704020673523 0.13126491646778038
0 0.9493963803164036 0.5924821002386635 0.061703554661301174 0.12529832935560858
0 0.5852112696524198 0.9463007159904535 0.06438631790744465 0.10739856801909309
0 0.6636820946021179 0.821599045346062 0.061703554661301174 0.11813842482100234
0 0.6227699550984291 0.7434367541766109 0.05902079141515759 0.0930787589498806
0 0.634842389706075 0.6294749403341289 0.06706908115358812 0.12768496420047737
0 0.7045942341058067 0.5906921241050119 0.061703554661301174 0.12171837708830546
0 0.5590543280025203 0.38365155131264916 0.07511737089201875 0.1348448687350835
0 0.4353118732741501 0.2911694510739857 0.07176391683433936 0.12649164677804292
0 0.5080818263257932 0.1945107398568019 0.06170355466130112 0.10501193317422433
0 0.4353118732741501 0.059665871121718374 0.07176391683433936 0.11933174224343675
0 0.2750167693170743 0.12112171837708831 0.06103286384976525 0.11336515513126491
0 0.11975184644651765 0.33890214797136037 0.06572769953051644 0.13842482100238662
0 0.20023474383082346 0.32816229116945106 0.06975184439973173 0.13365155131264916
0 0.265627097955572 0.4737470167064439 0.07310529845741112 0.13603818615751795
0 0.2609322622748208 0.8359188544152745 0.09054325955734407 0.13007159904534604
0 0.628806172402252 0.9081145584725536 0.07377598926894702 0.13365155131264916
0 0.9803990620562568 0.4958233890214797 0.03920187588748636 0.11575178997613361
0 0.9292756559703272 0.7273269689737469 0.06572769953051638 0.11813842482100234
0 0.828672034239945 0.2840095465393795 0.07645875251509049 0.1312649164677804
0 0.2984909477208302 0.6467780429594272 0.07310529845741115 0.14558472553699287
0 0.4413480905779731 0.7989260143198091 0.0677397719651241 0.13245823389021483
0 0.2330985935960817 0.918854415274463 0.07377598926894702 0.1288782816229117
