0 0.9834171707081683 0.8770883054892602 0.03316565858366349 0.14319809069212408
0 0.5748155620736135 0.8609785202863962 0.0663983903420523 0.11813842482100234
0 0.6650234762251896 0.7852028639618138 0.07914151576123407 0.11933174224343679
0 0.8404091234418228 0.7971360381861575 0.06505700871898057 0.12410501193317414
0 0.9659792096082354 0.5489260143198091 0.06804158078352929 0.1408114558472554
0 0.885010062408959 0.46300715990453456 0.07243460764587528 0.12649164677804298
0 0.737122738465297 0.042362768496420046 0.07444668008048294 0.08472553699284009
0 0.8823272991628155 0.1497613365155131 0.07645875251509049 0.13245823389021477
0 0.7582494990286772 0.1324582338902148 0.07109322602280355 0.12410501193317423
0 0.6150570107657665 0.29534606205250596 0.0663983903420523 0.11336515513126491
0 0.6737424567751562 0.3967780429594272 0.07243460764587517 0.13961813842482096
0 0.5288732414834056 0.6509546539379475 0.06572769953051644 0.1252983293556087
0 0.16133467676174232 0.9665871121718377 0.073775989268947 0.06682577565632464
0 0.322300471530354 0.9570405727923628 0.06170355466130112 0.08591885441527447
0 0.3397384326302869 0.7207637231503581 0.07109322602280349 0.12410501193317425
0 0.3011737109669737 0.5513126491646778 0.06505700871898057 0.11455847255369928
0 0.3591884661648275 0.60381861575179 0.06841046277665996 0.12171837708830546
0 0.1945338719327685 0.5274463007159904 0.07310529845741112 0.12171837708830546
0 0.06710261774095092 0.7517899761336515 0.06773977196512407 0.1288782816229117
0 0.02768276426953649 0.532816229116945 0.05536552853907298 0.11097852028639615
0 0.02768276426953649 0.3824582338902148 0.05536552853907298 0.11336515513126494
0 0.14691482431372085 0.22315035799522676 0.07847082494969819 0.1431980906921241
0 0.1831321281366585 0.32517899761336516 0.07310529845741115 0.13723150357995229
0 0.23544601143645727 0.44510739856801906 0.07444668008048291 0.12171837708830546
0 0.4846076479220374 0.3794749403341289 0.06304493628437291 0.12649164677804292
0 0.5845405788408838 0.19749403341288785 0.07109322602280344 0.11336515513126491
0 0.3980885332339087 0.04832935560859188 0.07645875251509054 0.09665871121718377
0 0.16938296650017293 0.0990453460620525 0.07645875251509052 0.14319809069212408
