0 0.5865526512754915 0.733890214797136 0.06841046277665996 0.13603818615751795
0 0.8115694185457799 0.6032219570405728 0.04761904761904767 0.08949880668257748
0 0.6304828994310918 0.33054892601431984 0.06773977196512415 0.12410501193317419
0 0.4859490295451092 0.4409307875894988 0.08316566063044939 0.15632458233890212
0 0.05033534745255387 0.2022673031026253 0.05835010060362174 0.10143198090692121
0 0.19419852652700054 0.9015513126491647 0.10060362173038229 0.19689737470167068
0 0.8692488283378658 0.14200477326968974 0.07578806170355468 0.13365155131264916
0 0.6898390362520173 0.4821002386634845 0.09523809523809523 0.16467780429594275
0 0.5023809544277383 0.6026252983293556 0.07444668008048289 0.1408114558472554
0 0.3424211958764305 0.2714797136038186 0.07511737089201881 0.13245823389021483
0 0.06609658152364709 0.3031026252983294 0.06841046277665996 0.11217183770883057
