0 0.14020791619836204 0.0441527446300716 0.07310529845741114 0.0883054892601432
0 0.062072436654431795 0.07458233890214797 0.06170355466130114 0.12291169451073986
0 0.5385982582506759 0.03281622911694511 0.09456740442655931 0.06563245823389022
0 0.44671361707026014 0.049522673031026254 0.07444668008048289 0.09904534606205251
0 0.39574111539353307 0.07398568019093078 0.0663983903420523 0.12649164677804295
0 0.28038229580936136 0.15393794749403342 0.0677397719651241 0.15035799522673032
0 0.322635816936122 0.0513126491646778 0.0784708249496982 0.1026252983293556
0 0.21297786925000523 0.23568019093078757 0.07109322602280346 0.1205250596658711
0 0.2394701563056726 0.1587112171837709 0.06773977196512407 0.12171837708830549
0 0.31794098125537074 0.17064439140811455 0.07310529845741115 0.13842482100238665
0 0.3923876613358537 0.19630071599045346 0.08383635144198526 0.1324582338902148
0 0.4802481576470542 0.2959427207637232 0.07176391683433936 0.12171837708830552
0 0.5342387679756927 0.18914081145584727 0.07645875251509054 0.1252983293556086
0 0.8752850456416886 0.9636038186157518 0.06505700871898057 0.07279236276849643
0 0.8585177753532915 0.785799522673031 0.052984574111334726 0.11336515513126488
0 0.7954728390689187 0.9361575178997614 0.06371562709590883 0.12529832935560858
0 0.6770959108328356 0.9600238663484486 0.0697518443997317 0.07995226730310268
0 0.5778336707255249 0.7577565632458234 0.07780013413816234 0.13365155131264916
0 0.055030183133305044 0.2917661097852029 0.0744466800804829 0.14439140811455847
0 0.17139503893478056 0.34307875894988066 0.06572769953051644 0.11575178997613367
0 0.07045607179863031 0.49343675417661104 0.07310529845741112 0.14677804295942726
0 0.14255533403873763 0.5704057279236276 0.06438631790744469 0.11217183770883055
0 0.19688128977314406 0.7231503579952268 0.06841046277665996 0.12171837708830546
0 0.33739101478991135 0.7523866348448687 0.06505700871898057 0.13245823389021483
0 0.5017102636162024 0.6766109785202864 0.06371562709590872 0.11455847255369922
0 0.5020456090219704 0.5572792362768497 0.06438631790744465 0.12410501193317425
0 0.5758215982909174 0.6032219570405728 0.07377598926894702 0.13245823389021472
0 0.6264587545618765 0.844272076372315 0.07042253521126762 0.12052505966587113
0 0.7099597605980938 0.6062052505966586 0.06572769953051638 0.116945107398568
0 0.7964788752862226 0.5328162291169452 0.06706908115358823 0.1300715990453461
0 0.9564386338375304 0.29832935560859186 0.0731052984574111 0.14081145584725535
0 0.7857478223016485 0.2971360381861575 0.06706908115358823 0.11455847255369925
0 0.7545606995652299 0.049522673031026254 0.05432595573440635 0.09904534606205251
0 0.7173373595249886 0.049522673031026254 0.05633802816901412 0.09904534606205251
0 0.5768276345082212 0.1473747016706444 0.06505700871898057 0.12291169451073987
