0 0.11908115563498177 0.6324582338902148 0.07511737089201878 0.13603818615751795
0 0.4443661992298845 0.9636038186157518 0.07243460764587528 0.07279236276849643
0 0.5221663333680469 0.7678997613365155 0.057679409792085856 0.09188544152744638
0 0.600972503723513 0.824582338902148 0.06371562709590872 0.10978520286396176
0 0.9326291100280066 0.5465393794749404 0.06170355466130106 0.11933174224343679
0 0.8102280369227082 0.03639618138424821 0.05835010060362167 0.07279236276849642
0 0.640207916198362 0.191527446300716 0.07780013413816222 0.13723150357995229
0 0.37997988132243987 0.3872315035799523 0.06975184439973175 0.12529832935560858
0 0.0179577475022662 0.2165871121718377 0.0359154950045324 0.13484486873508356
0 0.08621730586972355 0.22852028639618138 0.07645875251509054 0.13484486873508353
0 0.2381287746826008 0.16885441527446302 0.0704225352112676 0.12052505966587113
0 0.3521462126437007 0.18138424821002386 0.07712944332662647 0.12649164677804298
0 0.1489268967483285 0.9468973747016707 0.06505700871898056 0.10620525059665875
0 0.7669684795786438 0.48747016706443913 0.06438631790744465 0.1229116945107398
0 0.9632964463620919 0.6050119331742243 0.07340710727581634 0.17899761336515507
0 0.7800469504035934 0.8460620525059666 0.06773977196512415 0.12171837708830546
0 0.9659792096082354 0.9212410501193318 0.06804158078352929 0.12171837708830546
