0 0.9807344074620248 0.16109785202863963 0.03853118507595055 0.11933174224343676
0 0.02835345508107237 0.8120525059665871 0.05670691016214474 0.13007159904534604
0 0.02801810967530443 0.6963007159904535 0.05603621935060886 0.11813842482100234
0 0.02432931021185708 0.6032219570405728 0.04865862042371416 0.10859188544152754
0 0.029024145892608252 0.32100238663484487 0.058048291785216505 0.12649164677804292
0 0.04765258420641034 0.5572792362768496 0.06773977196512408 0.12171837708830546
0 0.9817404436793286 0.9463007159904535 0.03651911264134289 0.10739856801909309
0 0.9730214631293621 0.6539379474940334 0.053957073741275785 0.1288782816229117
0 0.6935278357154646 0.948090692124105 0.07042253521126762 0.10381861575178997
0 0.7190140865538281 0.6945107398568019 0.06773977196512404 0.13126491646778038
0 0.8316901428918564 0.4063245823389021 0.0663983903420523 0.11575178997613361
0 0.9121730402761622 0.4636038186157518 0.07176391683433936 0.11813842482100234
0 0.9517437981567792 0.1175417661097852 0.07578806170355468 0.14200477326968974
0 0.8786384996993681 0.053102625298329355 0.06773977196512415 0.10620525059665871
0 0.7924547304170073 0.24522673031026254 0.07243460764587517 0.1252983293556086
0 0.7676391703901796 0.1479713603818616 0.07109322602280344 0.1288782816229117
0 0.6988933622077518 0.23687350835322196 0.07981220657276988 0.13245823389021483
0 0.73175721197301 0.3305489260143198 0.059691482226693515 0.11217183770883055
0 0.62914151780802 0.18019093078758952 0.07176391683433936 0.13126491646778043
0 0.5335680771641569 0.19809069212410502 0.0697518443997317 0.11933174224343679
0 0.5342387679756927 0.6276849642004774 0.07511737089201875 0.13603818615751784
0 0.5335680771641569 0.7834128878281623 0.07109322602280355 0.12291169451073991
0 0.3313547974860884 0.9009546539379475 0.07176391683433936 0.13126491646778038
0 0.3954057699877651 0.8305489260143198 0.07645875251509054 0.13842482100238662
0 0.24517102820372758 0.6784009546539379 0.06170355466130112 0.12052505966587113
0 0.1928571449039288 0.7780429594272076 0.061703554661301147 0.13603818615751784
0 0.2381287746826008 0.815035799522673 0.0663983903420523 0.12171837708830546
0 0.0751509074793815 0.8872315035799523 0.0556673373574782 0.12529832935560858
0 0.04865862042371416 0.44272076372315033 0.06841046277665996 0.12649164677804292
0 0.11740442860614206 0.24164677804295942 0.07444668008048289 0.1348448687350835
0 0.046981893394874456 0.12649164677804298 0.06639839034205232 0.11694510739856803
0 0.1579812227040629 0.0590692124105012 0.06438631790744467 0.11336515513126492
0 0.350469485614861 0.03579952267303103 0.07377598926894702 0.07159904534606205
0 0.31760563584960283 0.16467780429594273 0.06706908115358823 0.12171837708830548
0 0.2471831006383352 0.21599045346062054 0.0697518443997317 0.13126491646778043
0 0.28340040446127285 0.5477326968973747 0.07243460764587528 0.13126491646778038
0 0.2102951060038617 0.5119331742243437 0.07243460764587525 0.13603818615751795
