0 0.6495975875598644 0.9307875894988067 0.07243460764587528 0.13842482100238662
0 0.5919181777677786 0.8705250596658711 0.0764587525150906 0.13723150357995229
0 0.5671026177409508 0.6807875894988067 0.06572769953051638 0.12768496420047737
0 0.6358484259233788 0.6258949880668259 0.07847082494969826 0.1348448687350835
0 0.6935278357154646 0.6939140811455847 0.07444668008048294 0.12052505966587113
0 0.736452047653761 0.8353221957040573 0.06908115358819578 0.1288782816229117
0 0.8088866552996363 0.6795942720763724 0.07847082494969815 0.14200477326968974
0 0.8072099282707966 0.5101431980906921 0.06841046277665996 0.1181384248210024
0 0.872937627801313 0.19630071599045346 0.07109322602280355 0.1467780429594272
0 0.821965126124586 0.1658711217183771 0.06841046277665996 0.11694510739856802
0 0.7317572119730099 0.3156324582338902 0.06773977196512404 0.12529832935560864
0 0.1046613031869603 0.07517899761336515 0.0824949698189135 0.12410501193317422
0 0.026006037240696785 0.2165871121718377 0.05201207448139357 0.13245823389021477
0 0.33169014289185633 0.815035799522673 0.07511737089201875 0.11217183770883055
0 0.1814554011078188 0.8931980906921241 0.07109322602280349 0.13961813842482096
0 0.2548960449709978 0.844272076372315 0.07042253521126757 0.12768496420047737
0 0.2609322622748208 0.6903341288782816 0.0663983903420523 0.13245823389021483
0 0.1921864540923929 0.4916467780429594 0.06572769953051644 0.11217183770883055
0 0.20962441519232583 0.5453460620525059 0.07109322602280349 0.14319809069212408
0 0.20224681626543112 0.3967780429594272 0.0549966465459423 0.10143198090692124
0 0.17642522002129968 0.2917661097852029 0.06505700871898054 0.11336515513126494
0 0.29614352988045456 0.2947494033412888 0.07109322602280349 0.13365155131264916
0 0.37092555536670546 0.2720763723150358 0.05969148222669346 0.1026252983293556
0 0.3367203239783755 0.45346062052505964 0.07444668008048289 0.13365155131264922
0 0.42592220191264774 0.493436754176611 0.07444668008048289 0.12291169451073991
0 0.5318913501353171 0.39558472553699287 0.07578806170355462 0.13245823389021477
0 0.48561368413934125 0.29415274463007157 0.07578806170355468 0.1205250596658711
0 0.4738765949374633 0.1724343675417661 0.06304493628437291 0.11336515513126492
0 0.43397049165107837 0.1807875894988067 0.07042253521126757 0.13245823389021477
0 0.40412475053773156 0.03699284009546539 0.07109322602280349 0.07398568019093078
0 0.9840878615197042 0.39797136038186154 0.031824276960591646 0.1276849642004773
0 0.9854292431427759 0.9021479713603819 0.029141513714448175 0.12410501193317425
0 0.9322937646222387 0.961217183770883 0.05835010060362167 0.07756563245823389
0 0.5875586874927954 0.9785202863961814 0.0731052984574111 0.042959427207637235
0 0.37930919051090395 0.9659904534606205 0.08048289738430586 0.06801909307875897
0 0.11807511941767795 0.9701670644391408 0.061032863849765265 0.059665871121718395
0 0.680784710296283 0.029236276849642005 0.07042253521126762 0.05847255369928401
0 0.13350100808300322 0.5656324582338903 0.07176391683433936 0.12649164677804292
0 0.06643192692941502 0.5214797136038186 0.0704225352112676 0.1288782816229117
0 0.026676728052232666 0.7494033412887828 0.05335345610446533 0.1408114558472553
0 0.05134138366985769 0.675417661097852 0.07109322602280349 0.116945107398568
0 0.05335345610446533 0.6193317422434368 0.07109322602280349 0.09069212410501193
