0 0.9733568085351301 0.9671837708830548 0.05328638292973986 0.06563245823389019
0 0.572803489639006 0.3866348448687351 0.06103286384976525 0.10978520286396182
0 0.5583836371909845 0.5411694510739857 0.06572769953051638 0.12291169451073986
0 0.703252852482735 0.7332935560859188 0.07109322602280344 0.1229116945107398
0 0.8021797471842775 0.7213603818615753 0.06773977196512404 0.10859188544152742
0 0.7579141536229093 0.8287589498806682 0.07847082494969826 0.12529832935560858
0 0.6827967827308905 0.9301909307875895 0.07444668008048294 0.12529832935560858
0 0.10432595778119236 0.7852028639618138 0.07109322602280349 0.13126491646778038
0 0.042287057714123284 0.24164677804295942 0.057008718980549974 0.12291169451073988
0 0.19855801680198376 0.5614558472553699 0.06505700871898054 0.11813842482100234
0 0.3440979229052702 0.45704057279236276 0.061032863849765306 0.13365155131264922
0 0.48393695711050155 0.07935560859188544 0.07243460764587528 0.1324582338902148
0 0.5070757901084895 0.1909307875894988 0.05969148222669357 0.12410501193317419
0 0.856841048324452 0.14439140811455847 0.07243460764587528 0.12410501193317423
0 0.9393360181433654 0.24522673031026254 0.06706908115358823 0.11575178997613367
