0 0.8940643883646934 0.03818615751789976 0.07176391683433936 0.07637231503579953
0 0.9336351462453104 0.15214797136038188 0.07042253521126751 0.13245823389021483
0 0.3102280369227081 0.47315035799522676 0.05633802816901412 0.09427207637231505
0 0.26193829849212463 0.376491646778043 0.06841046277665996 0.13007159904534604
0 0.22270288601727556 0.2583532219570406 0.07712944332662644 0.14200477326968974
0 0.15194500540023997 0.43556085918854415 0.08048289738430583 0.13365155131264922
0 0.20191147085966318 0.5632458233890215 0.07310529845741115 0.13842482100238668
0 0.08018108856590062 0.8072792362768497 0.06572769953051644 0.12529832935560858
0 0.12880617240225206 0.8210023866348448 0.06505700871898054 0.116945107398568
0 0.2495305184787108 0.9659904534606205 0.07981220657276994 0.06801909307875897
0 0.4628101965471213 0.8693317422434368 0.0677397719651241 0.11813842482100234
0 0.612374247519623 0.418854415274463 0.06505700871898046 0.12649164677804298
0 0.6224346096926612 0.5268496420047732 0.06908115358819589 0.13245823389021483
0 0.7924547304170073 0.6258949880668258 0.04560697518444001 0.07756563245823389
0 0.7968142206919905 0.4081145584725537 0.06371562709590872 0.11217183770883055
0 0.7471831006383353 0.29415274463007157 0.07176391683433936 0.13484486873508356
0 0.5432930939314271 0.18317422434367542 0.06639839034205242 0.1181384248210024
0 0.5449698209602668 0.37171837708830546 0.07243460764587528 0.1181384248210024
0 0.3897048980897101 0.25119331742243434 0.07981220657276994 0.13245823389021477
0 0.5882293783043312 0.3013126491646778 0.08115358819584162 0.13007159904534607
