0 0.5476525842064104 0.9701670644391408 0.07645875251509049 0.059665871121718395
0 0.08219316100050826 0.09844868735083531 0.06841046277665996 0.11336515513126491
0 0.9631455419528892 0.824582338902148 0.059691482226693515 0.116945107398568
0 0.8947350791762292 0.0883054892601432 0.07444668008048294 0.13842482100238662
0 0.6992287076135196 0.4647971360381862 0.06036217303822933 0.13245823389021477
0 0.5808517793774365 0.8675417661097852 0.07444668008048283 0.1288782816229117
0 0.7176727049307564 0.6503579952267303 0.07847082494969815 0.1288782816229117
0 0.31727029044383487 0.9289976133651552 0.0663983903420523 0.12052505966587113
0 0.38232729916281544 0.905727923627685 0.06773977196512404 0.12649164677804303
0 0.34510395912257397 0.8448687350835322 0.05499664654594233 0.11694510739856812
0 0.17709591083283555 0.7846062052505967 0.0663983903420523 0.12052505966587113
0 0.4289403105645592 0.48747016706443913 0.07243460764587528 0.11336515513126488
0 0.3058685466477249 0.4737470167064439 0.06773977196512404 0.11933174224343679
0 0.157645877298295 0.5280429594272076 0.05969148222669349 0.12052505966587107
0 0.0327129453560556 0.3054892601431981 0.0654258907121112 0.1336515513126492
0 0.22471495845188316 0.17541766109785203 0.06908115358819586 0.11933174224343675
0 0.3363849785726075 0.2678997613365155 0.07377598926894702 0.13484486873508356
0 0.44168343598374094 0.10859188544152745 0.06572769953051644 0.11694510739856802
0 0.6261234091561085 0.06801909307875895 0.07914151576123407 0.1360381861575179
0 0.8058685466477249 0.09009546539379475 0.06706908115358812 0.12529832935560858
0 0.9561032884317624 0.5316229116945108 0.0871898054996646 0.149164677804296
0 0.635177735111843 0.7130071599045347 0.07444668008048283 0.12529832935560858
0 0.4262575473184157 0.587708830548926 0.05633802816901412 0.09665871121718383
