0 0.9847585523312401 0.9003579952267303 0.03048289533751991 0.13007159904534604
0 0.9396713635491334 0.8681384248210025 0.0663983903420523 0.12291169451073991
0 0.9723507723178262 0.6610978520286397 0.05529845536434752 0.116945107398568
0 0.973692153940898 0.6085918854415275 0.05261569211820405 0.1408114558472554
0 0.9706740452889866 0.3299522673031026 0.058651909422026915 0.13723150357995229
0 0.9514084527510113 0.493436754176611 0.07109322602280344 0.13245823389021483
0 0.8635479564398107 0.711217183770883 0.06975184439973181 0.13842482100238662
0 0.7730046968824666 0.7714797136038186 0.07109322602280344 0.12768496420047737
0 0.7344399752191535 0.5924821002386635 0.0663983903420523 0.113365155131265
0 0.7431589557691199 0.4152744630071599 0.06505700871898057 0.116945107398568
0 0.9289403105645593 0.07816229116945109 0.07176391683433936 0.1252983293556086
0 0.8497987948033252 0.0883054892601432 0.0663983903420523 0.11933174224343675
0 0.7793762595920576 0.049522673031026254 0.06773977196512404 0.09904534606205251
0 0.7170020141192205 0.24701670644391407 0.08249496981891347 0.15274463007159905
0 0.7813883320266652 0.3001193317422434 0.07176391683433936 0.1324582338902148
0 0.680449364890515 0.20107398568019091 0.057679409792085856 0.11097852028639618
0 0.6210932280695893 0.12649164677804298 0.07712944332662641 0.13603818615751792
0 0.544634475554499 0.5769689737470167 0.0731052984574111 0.14200477326968974
0 0.6278001361849482 0.9552505966587113 0.09590878604963105 0.08949880668257759
0 0.4721998679086236 0.9713603818615753 0.0663983903420523 0.05727923627684961
0 0.40680751378387514 0.9576372315035799 0.07780013413816228 0.08472553699284013
0 0.49735077334121913 0.8830548926014319 0.06170355466130112 0.10739856801909309
0 0.5540241469160012 0.8239856801909309 0.06103286384976525 0.11575178997613367
0 0.504393026862346 0.7523866348448687 0.05835010060362167 0.10620525059665875
0 0.1683769302828691 0.9063245823389021 0.06505700871898054 0.13245823389021483
0 0.19050972706355318 0.798926014319809 0.062374245472837014 0.12052505966587113
0 0.2307511757557061 0.7130071599045347 0.0677397719651241 0.11813842482100234
0 0.5107645895719368 0.46539379474940334 0.06975184439973175 0.12649164677804298
0 0.44537223544718835 0.5590692124105012 0.059691482226693515 0.11813842482100234
0 0.37930919051090395 0.6223150357995226 0.10194500335345408 0.16825775656324582
0 0.4393360181433654 0.40572792362768495 0.06237424547283704 0.11217183770883055
0 0.43765929111452573 0.20823389021479716 0.07243460764587523 0.1252983293556086
0 0.5151240798469201 0.12529832935560858 0.06237424547283699 0.11217183770883055
0 0.4021126781031239 0.049522673031026254 0.07645875251509054 0.09904534606205251
0 0.3377263601956793 0.11396181384248211 0.07377598926894702 0.12291169451073986
0 0.22873910332109848 0.03937947494033413 0.07176391683433939 0.07875894988066826
0 0.19285714490392877 0.09367541766109784 0.07645875251509054 0.13007159904534604
0 0.2069416519461823 0.3967780429594272 0.07780013413816231 0.14200477326968974
0 0.19084507246932114 0.26610978520286394 0.06036217303822938 0.10739856801909306
0 0.23376928440761757 0.2678997613365155 0.0670690811535882 0.12768496420047734
0 0.07984574316013268 0.2720763723150358 0.07847082494969819 0.12410501193317422
0 0.07582159829091739 0.3711217183770883 0.07310529845741115 0.11217183770883055
0 0.11036217508501531 0.38007159904534604 0.06036217303822938 0.11336515513126494
0 0.09795439507160147 0.5 0.07310529845741112 0.11455847255369928
0 0.15831656810983086 0.5167064439140812 0.07042253521126761 0.11694510739856795
0 0.20794768816348613 0.5954653937947494 0.0704225352112676 0.13126491646778038
0 0.32364185315342575 0.5125298329355609 0.05902079141515759 0.11336515513126488
