0 0.7106304514096297 0.9737470167064439 0.06572769953051649 0.05250596658711215
0 0.9787223350274171 0.7774463007159904 0.042555329945165754 0.12768496420047726
0 0.022317237777249435 0.9397374701670644 0.04463447555449887 0.12052505966587113
0 0.7525486271306223 0.9003579952267303 0.06773977196512415 0.14916467780429588
0 0.5067404447027215 0.7816229116945107 0.07377598926894702 0.1288782816229117
0 0.8380617056014472 0.5769689737470167 0.06706908115358812 0.12529832935560858
0 0.736787393059529 0.5763723150357996 0.07511737089201886 0.1408114558472554
0 0.811234073140012 0.31085918854415273 0.07914151576123407 0.13484486873508356
0 0.7159959779019167 0.2315035799522673 0.08450704225352113 0.1360381861575179
0 0.6080147572446397 0.36336515513126494 0.0764587525150906 0.1467780429594272
0 0.5982897404773695 0.5346062052505967 0.06908115358819578 0.12649164677804298
0 0.48963782900855657 0.6688544152744631 0.06505700871898057 0.13245823389021483
0 0.100637158317745 0.8621718377088305 0.07310529845741114 0.12768496420047737
0 0.13316566267723529 0.7201670644391408 0.07243460764587524 0.12768496420047737
0 0.35918846616482747 0.40393794749403344 0.07243460764587523 0.13245823389021477
0 0.4970154279354512 0.20405727923627687 0.0731052984574111 0.1288782816229117
0 0.3229711623418899 0.10859188544152745 0.05902079141515759 0.11217183770883055
0 0.18749161841164175 0.18138424821002386 0.13279678068410464 0.2315035799522673
0 0.09057679614470679 0.30668257756563244 0.06639839034205232 0.11933174224343676
