0 0.584205233435116 0.9540572792362769 0.059691482226693515 0.09188544152744627
0 0.628806172402252 0.9176610978520285 0.0697518443997317 0.13365155131264916
0 0.6606639859502065 0.8317422434367542 0.05700871898054993 0.10978520286396187
0 0.6200871918522856 0.7541766109785203 0.061703554661301174 0.1050119331742243
0 0.6314889356483956 0.6426014319809069 0.06841046277665996 0.1229116945107398
0 0.7012407800481273 0.6032219570405728 0.05902079141515759 0.11336515513126488
0 0.4403420543606692 0.8060859188544153 0.06975184439973175 0.13723150357995229
0 0.23209255737877788 0.925417661097852 0.07310529845741112 0.13245823389021483
0 0.25959088065174907 0.8460620525059666 0.08517773306505699 0.116945107398568
0 0.2968142206919905 0.6551312649164678 0.07377598926894702 0.1408114558472553
0 0.265291752549804 0.4809069212410501 0.07109322602280352 0.13365155131264916
0 0.11807511941767795 0.35262529832935563 0.06908115358819585 0.13245823389021477
0 0.1962105989616082 0.33472553699284013 0.07243460764587525 0.13961813842482101
0 0.4336351462453104 0.3031026252983293 0.06706908115358823 0.11933174224343673
0 0.2716633152593949 0.13126491646778043 0.059691482226693515 0.10739856801909309
0 0.4343058370568463 0.06801909307875896 0.07377598926894702 0.1217183770883055
0 0.5060697538911856 0.20763723150357993 0.06304493628437291 0.1026252983293556
0 0.5553655285390731 0.39200477326968974 0.07444668008048294 0.1348448687350835
0 0.8259892709938014 0.29534606205250596 0.07511737089201875 0.12768496420047734
0 0.9793930258389529 0.5059665871121718 0.04121394832209402 0.11933174224343673
0 0.9275989289414874 0.7362768496420047 0.06908115358819578 0.12410501193317425
0 0.9824111344908645 0.6778042959427208 0.03517773101827104 0.13365155131264916
0 0.9457075808529563 0.6032219570405728 0.06103286384976525 0.12052505966587113
