0 0.9810697528677927 0.3884248210023866 0.037860494264414624 0.14200477326968974
0 0.9837525161139362 0.623508353221957 0.03249496777212757 0.10620525059665875
0 0.9373239457087578 0.6897374701670644 0.06572769953051649 0.11694510739856812
0 0.6948692173385365 0.8717183770883055 0.07042253521126762 0.13961813842482096
0 0.9363179094914539 0.5465393794749404 0.06103286384976525 0.11217183770883055
0 0.5979543950716015 0.7470167064439142 0.07377598926894702 0.12410501193317425
0 0.6358484259233788 0.2840095465393795 0.07847082494969826 0.14081145584725535
0 0.025335346429160903 0.915871121718377 0.050670692858321806 0.13245823389021483
0 0.06743796314671885 0.2553699284009546 0.0670690811535882 0.12649164677804298
0 0.16636485784826144 0.25178997613365156 0.07176391683433936 0.13603818615751787
0 0.3182763266611387 0.45704057279236276 0.07645875251509054 0.13126491646778038
0 0.5835345426235801 0.8478520286396181 0.06237424547283699 0.12291169451073991
