0 0.016951711284962378 0.17482100238663484 0.033903422569924756 0.11575178997613365
0 0.7639503709267322 0.09128878281622912 0.06773977196512404 0.10620525059665871
0 0.7790409141862896 0.18914081145584727 0.06706908115358812 0.14200477326968974
0 0.6700536573117089 0.28042959427207637 0.06371562709590883 0.116945107398568
0 0.7408115379287443 0.40811455847255373 0.0764587525150906 0.12410501193317419
0 0.8434272320937343 0.5501193317422435 0.06841046277665996 0.13126491646778043
0 0.9292756559703271 0.5900954653937948 0.07511737089201875 0.13961813842482096
0 0.9514084527510113 0.7446300715990454 0.07511737089201875 0.13603818615751795
0 0.8601945023821314 0.6807875894988067 0.06841046277665996 0.13007159904534604
0 0.748524482261407 0.6963007159904535 0.07176391683433936 0.13007159904534615
0 0.9309523829991668 0.9683770883054892 0.08651911468812878 0.06324582338902152
0 0.8645539926571146 0.902744630071599 0.07042253521126762 0.12052505966587113
0 0.8159289088207631 0.7929594272076372 0.06572769953051638 0.10859188544152754
0 0.6854795459770341 0.821599045346062 0.07981220657277 0.13245823389021483
0 0.6432260248502735 0.7183770883054892 0.06237424547283699 0.11455847255369933
0 0.6438967156618094 0.6408114558472553 0.05835010060362178 0.10501193317422441
0 0.612038902113855 0.6073985680190931 0.06706908115358823 0.11933174224343679
0 0.828672034239945 0.35262529832935563 0.07109322602280355 0.1276849642004773
0 0.9463782716644922 0.29892601431980903 0.05700871898054993 0.1062052505966587
0 0.9175385667684492 0.056682577565632455 0.06908115358819589 0.11336515513126491
0 0.9860999339543118 0.1658711217183771 0.02780013209137633 0.14319809069212408
0 0.9376592911145256 0.27744630071599047 0.0731052984574111 0.13723150357995229
0 0.9306170375933989 0.41527446300715987 0.06036217303822944 0.12410501193317419
0 0.896411806205069 0.418854415274463 0.06036217303822944 0.10739856801909309
0 0.5483232750179463 0.8979713603818615 0.07377598926894702 0.12529832935560858
0 0.4108316586530904 0.7655131264916468 0.06304493628437291 0.10381861575178997
0 0.6620053675732782 0.07935560859188545 0.06371562709590872 0.12768496420047734
0 0.7284037579153305 0.2243436754176611 0.07578806170355468 0.13126491646778046
0 0.6925217994981608 0.44928400954653935 0.07243460764587528 0.12052505966587107
0 0.13651911673491468 0.034606205250596656 0.07243460764587525 0.06921241050119331
0 0.4628101965471213 0.0477326968973747 0.0784708249496982 0.0954653937947494
0 0.3333668699206961 0.9337708830548925 0.0677397719651241 0.12291169451073991
0 0.5221663333680469 0.6879474940334129 0.06304493628437285 0.10859188544152742
0 0.45006707112793953 0.6443914081145585 0.07578806170355462 0.1312649164677805
0 0.3813212629455116 0.49642004773269693 0.08048289738430581 0.12410501193317425
0 0.058718982596752387 0.5435560859188544 0.0670690811535882 0.12529832935560864
0 0.11136821130231912 0.6181384248210025 0.06773977196512407 0.11933174224343668
0 0.06073105503136003 0.3299522673031026 0.07645875251509054 0.12768496420047737
0 0.11036217508501531 0.12708830548926014 0.06706908115358819 0.13245823389021477
0 0.2797116049978255 0.06443914081145585 0.07981220657276997 0.1288782816229117
0 0.276693496345914 0.25894988066825775 0.08853118712273642 0.13842482100238662
0 0.5389336036564438 0.0733890214797136 0.0697518443997317 0.12291169451073986
0 0.44839034409909984 0.22613365155131265 0.056338028169014065 0.10381861575178997
