0 0.7186787411480602 0.06443914081145584 0.06706908115358823 0.11933174224343675
0 0.7807176412151293 0.05847255369928401 0.07578806170355468 0.11694510739856802
0 0.9716800815062904 0.5423627684964201 0.056639836987419256 0.13723150357995229
0 0.9686619728543788 0.7834128878281623 0.06267605429124223 0.11813842482100234
0 0.8974178424223729 0.5865155131264916 0.0663983903420523 0.11813842482100245
0 0.924916165695344 0.4033412887828162 0.06505700871898057 0.13365155131264916
0 0.8779678088878322 0.3317422434367542 0.07042253521126762 0.12649164677804292
0 0.7907780033881675 0.48329355608591884 0.06371562709590883 0.12649164677804298
0 0.7109657968153975 0.5918854415274463 0.04896042924211941 0.10262529832935563
0 0.6831321281366585 0.7875894988066825 0.0697518443997317 0.12649164677804292
0 0.640878607009898 0.8186157517899761 0.06706908115358823 0.12410501193317414
0 0.32833668883417694 0.9564439140811456 0.0697518443997317 0.08711217183770881
0 0.20057008923659142 0.8973747016706444 0.0663983903420523 0.13126491646778038
0 0.5396042944679798 0.5 0.07243460764587528 0.11694510739856806
0 0.447048962476028 0.5799522673031026 0.07645875251509054 0.13842482100238673
0 0.019969819936873846 0.42899761336515513 0.03993963987374769 0.12529832935560858
0 0.04094567609105152 0.3454653937947494 0.06505700871898056 0.1181384248210024
0 0.20761234275771817 0.30489260143198094 0.06841046277665994 0.1252983293556086
0 0.07146210801593414 0.05608591885441527 0.07243460764587525 0.11217183770883055
0 0.09761904966583354 0.13842482100238662 0.07109322602280349 0.11694510739856803
0 0.00722669451769209 0.7989260143198091 0.01445338903538418 0.09188544152744627
0 0.12411133672150088 0.9689737470167065 0.07444668008048289 0.06205250596658707
0 0.016281020473426496 0.9224343675417661 0.03256204094685299 0.13603818615751795
0 0.588900069115867 0.9737470167064439 0.06237424547283699 0.05250596658711215
0 0.9918008058523669 0.6682577565632458 0.01639838829526641 0.1050119331742243
