0 0.3256539255880334 0.8645584725536993 0.0697518443997317 0.1467780429594272
0 0.924916165695344 0.6079952267303103 0.0556673373574782 0.10620525059665864
0 0.9393360181433654 0.7326968973747017 0.0697518443997317 0.12171837708830546
0 0.7736753876940026 0.9558472553699284 0.0764587525150906 0.08830548926014314
0 0.6331656626772353 0.8508353221957041 0.07042253521126751 0.1312649164677805
0 0.22270288601727553 0.513126491646778 0.07310529845741115 0.13126491646778038
0 0.5868879966812595 0.5590692124105012 0.07578806170355468 0.13245823389021477
0 0.7431589557691199 0.44630071599045346 0.07578806170355468 0.13365155131264916
0 0.5392689490622118 0.4361575178997613 0.06371562709590883 0.12291169451073986
0 0.5563715647563767 0.24045346062052508 0.06304493628437291 0.10381861575179
0 0.30955734611117225 0.08890214797136038 0.07645875251509054 0.13484486873508353
