0 0.6593152423237645 0.05310344827586207 0.06589147286821706 0.10620689655172413
0 0.9783010320145955 0.5531034482758621 0.0433979359708091 0.11310344827586205
0 0.9298578779826793 0.0703448275862069 0.06899224806201554 0.1213793103448276
0 0.9019509012384932 0.24344827586206896 0.06744186046511624 0.13379310344827589
0 0.8484625291454699 0.15724137931034482 0.06744186046511624 0.12689655172413794
0 0.9399353973625242 0.4958620689655172 0.07054263565891472 0.12551724137931036
0 0.9131912113160126 0.6158620689655172 0.07131782945736431 0.13379310344827589
0 0.6255943120912064 0.9517241379310345 0.07131782945736431 0.096551724137931
0 0.5089276454245397 0.943448275862069 0.06899224806201554 0.11310344827586205
0 0.4573772578276405 0.8848275862068966 0.06821705426356589 0.1255172413793103
0 0.7224935368974079 0.3503448275862069 0.07751937984496127 0.13793103448275862
0 0.7317958624788032 0.3 0.0728682170542635 0.1310344827586207
0 0.764354002013687 0.6710344827586208 0.0728682170542635 0.13379310344827589
0 0.6980749322462452 0.7558620689655173 0.0720930232558139 0.13241379310344825
0 0.6193927617036095 0.7786206896551724 0.06511627906976747 0.1255172413793103
0 0.188385009765625 0.8703448275862069 0.06511627906976747 0.1158620689655172
0 0.22675710278888084 0.8151724137931035 0.06744186046511627 0.12413793103448278
0 0.5120284206183381 0.5496551724137931 0.06744186046511624 0.1227586206896552
0 0.5887726066648498 0.3255172413793104 0.07209302325581401 0.12965517241379315
0 0.6914857849594235 0.1703448275862069 0.06511627906976747 0.11448275862068967
0 0.5050516764322917 0.3517241379310345 0.07674418604651162 0.13793103448275862
0 0.38993539736252425 0.2993103448275862 0.07596899224806203 0.14068965517241377
0 0.2628036144167878 0.49310344827586206 0.06976744186046513 0.13931034482758625
0 0.27947028108345445 0.6151724137931034 0.050387596899224785 0.11310344827586205
0 0.13954780046329943 0.6689655172413793 0.0744186046511628 0.12689655172413783
0 0.021324287828548935 0.5255172413793103 0.04264857565709787 0.1296551724137931
0 0.12249353689740794 0.5482758620689655 0.06821705426356589 0.12000000000000005
0 0.0887726066648498 0.29172413793103447 0.056589147286821705 0.09793103448275861
0 0.038385009765625 0.3082758620689655 0.07209302325581395 0.1393103448275862
