0 0.9628101965471213 0.7434367541766109 0.07243460764587528 0.13842482100238673
0 0.8927230067416216 0.8430787589498807 0.06773977196512404 0.12291169451073991
0 0.6254527183445726 0.27386634844868735 0.07780013413816234 0.1324582338902148
0 0.8293427250514808 0.39379474940334125 0.07780013413816222 0.14319809069212414
0 0.7411468833345123 0.06145584725536993 0.0731052984574112 0.12291169451073986
0 0.5831991972178121 0.3866348448687351 0.07377598926894702 0.14081145584725535
0 0.5302146231064775 0.22553699284009548 0.06304493628437291 0.11694510739856803
0 0.40513078675503544 0.41945107398568016 0.06908115358819583 0.1300715990453461
0 0.3313547974860884 0.5775656324582339 0.07310529845741115 0.13126491646778038
0 0.4426894722010448 0.6986873508353222 0.07712944332662641 0.11813842482100245
0 0.32967807045724873 0.8245823389021479 0.07243460764587523 0.11933174224343679
0 0.30720992827079663 0.7130071599045347 0.07310529845741115 0.12291169451073991
0 0.02064051074840973 0.7678997613365155 0.04128102149681946 0.12768496420047737
0 0.22136150439420377 0.8227923627684964 0.07444668008048291 0.13007159904534604
0 0.23511066603068934 0.6730310262529833 0.06706908115358817 0.11933174224343679
0 0.0899061053331709 0.4230310262529833 0.07847082494969819 0.13007159904534604
0 0.0236586194003212 0.12470167064439142 0.0473172388006424 0.1324582338902148
0 0.16636485784826144 0.2684964200477327 0.08517773306505699 0.1431980906921241
