0 0.7391602035640746 0.2806896551724138 0.0720930232558139 0.13379310344827586
0 0.09071059116097384 0.2772413793103448 0.05736434108527131 0.10482758620689656
0 0.5124160175175629 0.9296551724137931 0.07596899224806208 0.12689655172413794
0 0.7011757074400435 0.7406896551724138 0.07674418604651156 0.13793103448275867
0 0.6213307461997335 0.7655172413793103 0.0720930232558139 0.13241379310344825
0 0.7686175679051599 0.6586206896551725 0.07829457364341086 0.1393103448275862
0 0.9798514196114947 0.5455172413793103 0.04029716077701062 0.11724137931034484
0 0.9441989632539971 0.48137931034482756 0.0728682170542636 0.13793103448275856
0 0.9306330717811289 0.06137931034482759 0.07674418604651168 0.12275862068965518
0 0.9031136919361676 0.22482758620689655 0.06976744186046502 0.13517241379310346
0 0.9170671803082606 0.6082758620689654 0.06976744186046513 0.14068965517241383
0 0.22714469968810563 0.8034482758620689 0.06821705426356586 0.12827586206896557
0 0.2837338469749273 0.6027586206896551 0.05271317829457367 0.1103448275862069
0 0.02597545061924661 0.516551724137931 0.05195090123849322 0.14206896551724135
0 0.12288113379663275 0.5324137931034483 0.07364341085271317 0.12689655172413788
0 0.6938113663547723 0.15724137931034482 0.07131782945736431 0.1296551724137931
0 0.5054392733315165 0.33862068965517245 0.08217054263565893 0.13931034482758625
0 0.14226097875787305 0.6593103448275862 0.07364341085271318 0.1296551724137931
0 0.26396640511446223 0.48 0.07364341085271314 0.14068965517241372
0 0.514354002013687 0.5386206896551724 0.06899224806201548 0.12275862068965515
0 0.6620284206183382 0.04827586206896552 0.06666666666666665 0.09655172413793103
0 0.8500129167423691 0.14827586206896554 0.06434108527131788 0.12551724137931036
0 0.7224935368974079 0.33241379310344826 0.07441860465116279 0.1489655172413793
0 0.5879974128664002 0.31517241379310346 0.0720930232558139 0.12827586206896552
0 0.18954780046329944 0.8593103448275863 0.06279069767441861 0.10758620689655174
0 0.6294702810834545 0.9455172413793104 0.06666666666666665 0.10896551724137926
0 0.4581524516260901 0.8758620689655172 0.06666666666666671 0.12413793103448278
0 0.39109818806019864 0.28689655172413797 0.08294573643410852 0.1517241379310345
0 0.03954780046329942 0.30137931034482757 0.07286821705426356 0.13379310344827586
