0 0.9601274333009777 0.45405727923627687 0.06841046277665996 0.13245823389021483
0 0.9339704916510784 0.9182577565632458 0.07243460764587528 0.13245823389021472
0 0.844433268311038 0.7350835322195703 0.06773977196512415 0.12649164677804292
0 0.9467136170702601 0.8359188544152745 0.0523138832997988 0.08949880668257748
0 0.9510731073452433 0.21181384248210025 0.06773977196512404 0.11336515513126494
0 0.9198859846088248 0.5936754176610979 0.07243460764587517 0.12291169451073991
0 0.8326961791091603 0.6408114558472553 0.07377598926894702 0.14319809069212408
0 0.6995640530192877 0.9278042959427208 0.07042253521126762 0.12529832935560858
0 0.7129778692500053 0.64618138424821 0.08115358819584173 0.1467780429594272
0 0.5848759242466518 0.5214797136038186 0.06773977196512404 0.12171837708830546
0 0.6378604983579864 0.4797136038186158 0.06505700871898057 0.11455847255369933
0 0.6931924903096967 0.29236276849642007 0.0697518443997317 0.11694510739856803
0 0.595271631825458 0.389618138424821 0.06706908115358812 0.13007159904534604
0 0.5181421884988315 0.9212410501193318 0.06572769953051649 0.12649164677804292
0 0.5084171717315613 0.6575178997613365 0.06773977196512415 0.12410501193317425
0 0.504057681456578 0.4110978520286396 0.06304493628437285 0.13245823389021477
0 0.5191482247161353 0.2822195704057279 0.06237424547283704 0.11575178997613367
0 0.4504024165337075 0.1807875894988067 0.07780013413816228 0.1276849642004773
0 0.34778672236871755 0.20763723150357993 0.0643863179074447 0.12887828162291168
0 0.3893695526839422 0.11276849642004774 0.06841046277665996 0.09904534606205252
0 0.3722669369897772 0.23389021479713604 0.06908115358819583 0.14081145584725535
0 0.38098591753974365 0.6157517899761337 0.06237424547283704 0.11455847255369922
0 0.35851777535329166 0.8162291169451074 0.06036217303822938 0.1288782816229117
0 0.3008383655612058 0.772673031026253 0.0643863179074447 0.12052505966587113
0 0.24450033739219168 0.9182577565632458 0.07243460764587525 0.12052505966587113
0 0.17105969352901262 0.8621718377088305 0.06505700871898054 0.12768496420047737
0 0.19050972706355318 0.6825775656324582 0.07176391683433939 0.12649164677804292
0 0.28910127635932786 0.40692124105011934 0.07176391683433936 0.1288782816229117
0 0.25892018984021314 0.2822195704057279 0.05835010060362175 0.11575178997613367
0 0.14188464322720173 0.059665871121718374 0.07243460764587525 0.11933174224343675
0 0.08319919721781208 0.3466587112171837 0.06773977196512408 0.12291169451073986
0 0.05536552853907298 0.41408114558472553 0.056338028169014086 0.09785202863961817
