0 0.5389336036564438 0.9063245823389021 0.054996646545942274 0.10381861575178997
0 0.7891012763593279 0.4630071599045346 0.07377598926894702 0.12410501193317425
0 0.2176727049307564 0.018496420047732696 0.07243460764587525 0.03699284009546539
0 0.6234406459099651 0.03579952267303103 0.07243460764587517 0.07159904534606205
0 0.9720154269120582 0.14498806682577564 0.055969146175883444 0.1324582338902148
0 0.8823272991628155 0.1616945107398568 0.07511737089201886 0.13723150357995229
0 0.7847417860843446 0.15035799522673032 0.07176391683433936 0.14797136038186157
0 0.8803152267282078 0.5560859188544153 0.06841046277665996 0.12171837708830546
0 0.8796445359166719 0.9397374701670644 0.07914151576123407 0.12052505966587113
0 0.8628772656282748 0.717780429594272 0.07377598926894702 0.12291169451073991
0 0.6770959108328356 0.8514319809069213 0.08316566063044928 0.1467780429594272
0 0.49198524684893213 0.6939140811455847 0.07645875251509049 0.1348448687350836
0 0.5637491636832714 0.7237470167064439 0.07109322602280355 0.12768496420047737
0 0.612038902113855 0.3949880668257757 0.06572769953051638 0.11933174224343673
0 0.6257880637503406 0.2863961813842482 0.06103286384976525 0.10739856801909309
0 0.4275989289414875 0.07577565632458233 0.07914151576123407 0.139618138424821
0 0.36086519319366717 0.12828162291169454 0.07444668008048289 0.13484486873508356
0 0.39272300674162164 0.2720763723150358 0.07243460764587523 0.12649164677804298
0 0.18849765462894555 0.8251789976133651 0.059691482226693515 0.12052505966587113
0 0.2797116049978255 0.8466587112171837 0.06908115358819586 0.13245823389021483
0 0.32364185315342575 0.7237470167064439 0.07377598926894702 0.12529832935560858
0 0.24751844604410317 0.5823389021479713 0.06773977196512407 0.11933174224343679
0 0.21230717843846936 0.45465393794749404 0.07780013413816231 0.1408114558472554
0 0.11874581022921382 0.3448687350835322 0.07712944332662641 0.13603818615751795
0 0.24953051847871083 0.2732696897374701 0.06639839034205233 0.1360381861575179
0 0.39942991485698043 0.8168257756563246 0.07109322602280349 0.14200477326968974
0 0.5738095258563098 0.5960620525059666 0.07377598926894702 0.13961813842482096
0 0.935982564085686 0.22195704057279236 0.06438631790744465 0.10501193317422433
0 0.9480549986933319 0.39856801909307876 0.061703554661301174 0.12171837708830546
0 0.7056002703231106 0.19868735083532219 0.07847082494969815 0.14200477326968974
0 0.7793762595920575 0.4266109785202864 0.07042253521126762 0.12768496420047737
0 0.7059356157288785 0.6372315035799523 0.07511737089201886 0.13126491646778038
0 0.22270288601727553 0.925417661097852 0.06908115358819583 0.12529832935560858
0 0.30788061908233255 0.09904534606205251 0.05700871898054999 0.10501193317422436
0 0.5660965815236472 0.9403341288782816 0.07444668008048294 0.11933174224343679
0 0.6425553340387377 0.9528639618138425 0.07176391683433936 0.09427207637231505
