0 0.18044936489051497 0.9546539379474941 0.08115358819584173 0.09069212410501193
0 0.018963783719570023 0.7971360381861575 0.037927567439140046 0.14558472553699287
0 0.6163983923888382 0.9230310262529833 0.06773977196512404 0.13723150357995229
0 0.4775653944009106 0.9361575178997613 0.06908115358819583 0.12768496420047737
0 0.3682427921205619 0.8257756563245824 0.06505700871898051 0.12649164677804292
0 0.2874245493304881 0.8389021479713603 0.06841046277665991 0.12410501193317425
0 0.029359491298376193 0.5196897374701671 0.058718982596752387 0.1300715990453461
0 0.023323273994553258 0.38782816229116945 0.046646547989106515 0.11455847255369933
0 0.06643192692941502 0.6187350835322196 0.06908115358819583 0.12052505966587113
0 0.12075788266382148 0.5340095465393795 0.06908115358819585 0.12052505966587113
0 0.1438967156618094 0.44749403341288785 0.0630449362843729 0.13603818615751795
0 0.27401073309977053 0.6449880668257757 0.07645875251509054 0.12291169451073991
0 0.34208585047066253 0.6073985680190931 0.07042253521126762 0.13603818615751795
0 0.47052314087978386 0.5560859188544153 0.06841046277665991 0.12171837708830546
0 0.5345741133814607 0.7273269689737469 0.06773977196512404 0.11813842482100234
0 0.7267270308864908 0.7655131264916468 0.07243460764587528 0.14200477326968974
0 0.6848088551654982 0.8747016706443914 0.07578806170355468 0.13126491646778038
0 0.9027833689146598 0.8955847255369929 0.0731052984574112 0.14200477326968974
0 0.9282696197530234 0.6968973747016707 0.0663983903420523 0.11933174224343679
0 0.9141851127107699 0.6414081145584726 0.07444668008048294 0.12768496420047737
0 0.9887826972004554 0.40214797136038183 0.022434605599089275 0.12649164677804298
0 0.9034540597261957 0.256563245823389 0.07444668008048294 0.13603818615751792
0 0.9450368900414203 0.16408114558472553 0.06773977196512415 0.11575178997613365
0 0.7830650590555048 0.17362768496420047 0.07780013413816234 0.1276849642004773
0 0.49802146415275506 0.1175417661097852 0.07109322602280344 0.12529832935560858
0 0.584540578840884 0.29415274463007157 0.07377598926894702 0.13723150357995226
0 0.40378940513196365 0.09904534606205251 0.0731052984574111 0.13126491646778043
0 0.23142186656724198 0.056682577565632455 0.08517773306505699 0.11336515513126491
0 0.09460094101392208 0.11933174224343675 0.0663983903420523 0.1360381861575179
0 0.8212944353130502 0.3394988066825776 0.06572769953051638 0.11097852028639615
0 0.7475184460441031 0.3866348448687351 0.06841046277665996 0.1360381861575179
0 0.2642857163325002 0.7428400954653938 0.0704225352112676 0.13007159904534604
