0 0.9483903440990997 0.9516706443914081 0.0731052984574111 0.09665871121718372
0 0.9666499004197713 0.21300715990453462 0.06670019916045755 0.12052505966587113
0 0.9014419872915881 0.5644391408114559 0.0623742454728371 0.11455847255369922
0 0.8273306526168731 0.6706443914081146 0.07511737089201875 0.12649164677804292
0 0.742488264957584 0.7595465393794749 0.06908115358819589 0.11575178997613367
0 0.7760228055343781 0.8168257756563246 0.06237424547283699 0.10859188544152742
0 0.6764252200212997 0.8430787589498807 0.061703554661301174 0.11813842482100234
0 0.021981892371481494 0.2774463007159904 0.04396378474296299 0.14916467780429593
0 0.07716297991398915 0.23329355608591884 0.06908115358819585 0.12768496420047734
0 0.06341381827750356 0.5495226730310263 0.06841046277665996 0.11575178997613367
0 0.17843729245590734 0.4427207637231504 0.06505700871898054 0.11455847255369928
0 0.28172367743243315 0.5143198090692124 0.06773977196512407 0.12171837708830546
0 0.35449363048407634 0.4564439140811456 0.07109322602280349 0.12768496420047737
0 0.504393026862346 0.626491646778043 0.07042253521126762 0.1408114558472554
0 0.4862843749508772 0.7637231503579953 0.05969148222669346 0.10023866348448685
