0 0.9897887334177591 0.3591885441527446 0.020422533164481727 0.11933174224343673
0 0.8216297807188181 0.9379474940334129 0.06908115358819589 0.12171837708830557
0 0.958786051677906 0.6712410501193318 0.06975184439973181 0.12291169451073991
0 0.8729376278013131 0.5477326968973747 0.07243460764587528 0.13365155131264922
0 0.8883635164666384 0.6927207637231503 0.0697518443997317 0.11813842482100234
0 0.7706572790420911 0.7374701670644392 0.06773977196512415 0.116945107398568
0 0.09258886857931442 0.6945107398568019 0.057008718980549974 0.10262529832935563
0 0.21465459627884495 0.7613365155131265 0.06371562709590878 0.12171837708830546
0 0.3813212629455116 0.8054892601431981 0.07243460764587528 0.12649164677804303
0 0.8481220677744854 0.42183770883054894 0.0697518443997317 0.12529832935560858
0 0.9064721683781072 0.08174224343675418 0.0764587525150906 0.14200477326968974
0 0.11136821130231912 0.10560859188544151 0.06505700871898054 0.13245823389021477
0 0.07380952585630973 0.15871121718377088 0.062374245472837014 0.12410501193317423
0 0.18044936489051497 0.15214797136038186 0.06103286384976525 0.12052505966587111
0 0.41016096784155454 0.12171837708830549 0.07243460764587528 0.11217183770883055
0 0.5530181106986973 0.4379474940334129 0.07109322602280355 0.12410501193317425
0 0.6140509745484626 0.2744630071599045 0.06572769953051638 0.12410501193317422
0 0.5000335365873627 0.2911694510739857 0.06706908115358817 0.12410501193317422
0 0.4353118732741501 0.36217183770883055 0.05030181086519114 0.09904534606205251
0 0.38333333538011927 0.36575178997613367 0.06841046277665996 0.1276849642004773
