0 0.009574112358067677 0.48448687350835323 0.019148224716135354 0.10739856801909309
0 0.011921530198443263 0.3520286396181384 0.023843060396886526 0.10739856801909309
0 0.8883635164666384 0.9170644391408115 0.07377598926894702 0.13007159904534604
0 0.9443661992298845 0.8663484486873508 0.06505700871898057 0.12171837708830546
0 0.7984909477208302 0.6807875894988067 0.06706908115358812 0.11575178997613356
0 0.8692488283378657 0.6062052505966586 0.06237424547283699 0.116945107398568
0 0.7377934292768329 0.3341288782816229 0.06505700871898057 0.13126491646778038
0 0.8065392374592608 0.24463007159904537 0.06706908115358823 0.12171837708830549
0 0.7860831677074164 0.36992840095465396 0.05566733735747831 0.116945107398568
0 0.6636820946021179 0.684964200477327 0.07109322602280344 0.1288782816229117
0 0.021981892371481494 0.22792362768496421 0.04396378474296299 0.1288782816229117
0 0.24148222874028025 0.6915274463007159 0.06103286384976528 0.12291169451073991
0 0.18581489138280202 0.6533412887828163 0.0677397719651241 0.11813842482100234
0 0.11069752049078324 0.6390214797136038 0.07310529845741114 0.13007159904534604
0 0.2210261589884358 0.42541766109785206 0.06841046277665994 0.1300715990453461
0 0.2706572790420911 0.42780429594272074 0.06572769953051646 0.13961813842482101
0 0.2907780033881675 0.09785202863961814 0.07243460764587523 0.13126491646778043
0 0.532562040946853 0.07935560859188545 0.06639839034205225 0.12052505966587113
0 0.458450706272138 0.2309069212410501 0.06841046277665996 0.1324582338902148
0 0.46247485114135334 0.6044152744630071 0.07377598926894702 0.1229116945107398
