0 0.9265928927241837 0.7165871121718377 0.0764587525150906 0.12529832935560858
0 0.8974178424223728 0.9134844868735084 0.06773977196512404 0.13723150357995229
0 0.9864352793600797 0.42064439140811455 0.027129441279840516 0.1348448687350835
0 0.9104963132473225 0.6646778042959427 0.07377598926894702 0.1288782816229117
0 0.6824614373251225 0.8926014319809069 0.07243460764587517 0.13603818615751795
0 0.7227028860172755 0.7881861575178998 0.0697518443997317 0.13723150357995229
0 0.6163983923888383 0.9385441527446301 0.06908115358819578 0.12291169451073991
0 0.532562040946853 0.75 0.06505700871898057 0.11813842482100245
0 0.4738765949374633 0.9498806682577565 0.06572769953051638 0.10023866348448685
0 0.01359825722728297 0.8269689737470167 0.02719651445456594 0.12171837708830546
0 0.1791079832674432 0.9725536992840096 0.07042253521126762 0.054892601431980936
0 0.36421864725134667 0.8448687350835322 0.06371562709590878 0.1288782816229117
0 0.2639503709267323 0.7613365155131264 0.07377598926894705 0.11933174224343668
0 0.2857478223016484 0.8579952267303103 0.06371562709590878 0.11455847255369922
0 0.2723340060709308 0.6634844868735084 0.06908115358819586 0.11455847255369922
0 0.3380617056014472 0.6270883054892602 0.06237424547283699 0.12529832935560858
0 0.46649899601056866 0.5733890214797136 0.0643863179074447 0.11813842482100245
0 0.14087860700989793 0.464200477326969 0.061032863849765265 0.12887828162291176
0 0.0236586194003212 0.4105011933174224 0.0473172388006424 0.10978520286396182
0 0.029359491298376193 0.5417661097852029 0.058718982596752387 0.14081145584725535
0 0.06307847287173562 0.6390214797136038 0.06371562709590878 0.11813842482100234
0 0.11639839238883824 0.551909307875895 0.0670690811535882 0.11336515513126488
0 0.09527163182545795 0.13782816229116945 0.06103286384976525 0.11575178997613367
0 0.22907444872686641 0.06384248210023866 0.07511737089201881 0.1276849642004773
0 0.39875922404544456 0.12052505966587113 0.06841046277665996 0.12410501193317422
0 0.49533870090661153 0.13544152744630072 0.06572769953051638 0.10859188544152744
0 0.5818578155947404 0.31443914081145585 0.06841046277665996 0.12291169451073986
0 0.9416834359837409 0.18317422434367542 0.06773977196512415 0.11575178997613367
0 0.9007712964800522 0.27684964200477324 0.07578806170355468 0.12887828162291168
0 0.7793762595920576 0.19272076372315033 0.07981220657277 0.12529832935560856
0 0.742823610363352 0.40393794749403344 0.07109322602280344 0.13245823389021477
0 0.8182763266611387 0.36217183770883055 0.06505700871898057 0.11813842482100234
