0 0.9881120063889195 0.36575178997613367 0.02377598722216112 0.1276849642004773
0 0.9058014775665713 0.08890214797136038 0.08182427900737765 0.14439140811455847
0 0.8494634493975572 0.42720763723150357 0.06841046277665996 0.12410501193317425
0 0.8712609007724734 0.5513126491646778 0.07578806170355468 0.14081145584725535
0 0.9574446700548342 0.6778042959427207 0.07109322602280355 0.1288782816229117
0 0.8866867894377987 0.698090692124105 0.07042253521126751 0.12410501193317414
0 0.8209590899072823 0.9397374701670644 0.07444668008048294 0.12052505966587113
0 0.7686452066074834 0.7410501193317423 0.06908115358819578 0.11933174224343679
0 0.38098591753974365 0.8084725536992841 0.07176391683433941 0.13007159904534615
0 0.21364856006154112 0.7673031026252983 0.06572769953051644 0.11933174224343679
0 0.09191817776777855 0.7022673031026253 0.059691482226693494 0.10859188544152754
0 0.07313883504477385 0.16229116945107397 0.06505700871898054 0.13126491646778043
0 0.10734406643310383 0.11634844868735082 0.062374245472837014 0.13245823389021477
0 0.17944332867321117 0.15692124105011934 0.06438631790744467 0.12052505966587114
0 0.4336351462453104 0.36813842482100234 0.05365526492287054 0.10143198090692124
0 0.38433937159742304 0.36992840095465396 0.06908115358819583 0.12649164677804298
0 0.4098256224357866 0.12649164677804298 0.07176391683433936 0.11933174224343676
0 0.49936284577582685 0.2959427207637232 0.06706908115358823 0.12171837708830552
0 0.612709592925391 0.2828162291169451 0.06572769953051638 0.12410501193317422
0 0.5533534561044653 0.4445107398568019 0.0731052984574111 0.13007159904534604
