0 0.0105801485753715 0.9516706443914081 0.021160297150743 0.09665871121718372
0 0.9296110013760952 0.9307875894988067 0.0731052984574111 0.1288782816229117
0 0.7133132146557732 0.0918854415274463 0.06304493628437291 0.11217183770883055
0 0.7156606324961488 0.23269689737470167 0.05835010060362178 0.10978520286396179
0 0.8303487612687845 0.29832935560859186 0.06773977196512415 0.12649164677804298
0 0.7347753206249215 0.37589498806682575 0.07109322602280355 0.12410501193317419
0 0.8464453407456458 0.6414081145584726 0.06505700871898046 0.1229116945107398
0 0.7559020811883017 0.9051312649164678 0.0731052984574111 0.1348448687350836
0 0.28172367743243315 0.9140811455847255 0.06639839034205233 0.11455847255369922
0 0.025670691834928844 0.6467780429594272 0.05134138366985769 0.13126491646778038
0 0.034054326979127365 0.16527446300715992 0.06810865395825473 0.14200477326968974
0 0.08789403289856326 0.42183770883054894 0.06773977196512408 0.14439140811455847
0 0.2813883320266652 0.2243436754176611 0.07645875251509057 0.14319809069212408
0 0.4047954413492675 0.17124105011933174 0.07511737089201875 0.13723150357995229
0 0.40848424081271484 0.5900954653937948 0.07444668008048289 0.13007159904534604
0 0.5245137512084224 0.4522673031026253 0.06908115358819583 0.12410501193317419
