0 0.14054326160413 0.04832935560859188 0.07243460764587525 0.09665871121718377
0 0.05771294637944857 0.07875894988066826 0.06103286384976526 0.11933174224343673
0 0.6760898746155317 0.964200477326969 0.06505700871898057 0.0715990453460621
0 0.8705902099609375 0.9683770883054892 0.06773977196512404 0.06324582338902152
0 0.7927900758227753 0.9439140811455847 0.06237424547283699 0.11217183770883055
0 0.8528169034552366 0.8007159904534606 0.05097250167672707 0.10978520286396187
0 0.4450368900414204 0.05071599045346062 0.0697518443997317 0.10143198090692124
0 0.22974513953840228 0.1664677804295943 0.06170355466130112 0.12291169451073987
0 0.2109657968153976 0.24164677804295942 0.07109322602280349 0.1348448687350835
0 0.3172702904438349 0.18496420047732698 0.06371562709590878 0.13842482100238662
0 0.390710934307014 0.20763723150357993 0.0818242790073776 0.13365155131264914
0 0.5003688819931307 0.5692124105011933 0.0623742454728371 0.12649164677804303
0 0.49735077334121913 0.6927207637231503 0.06170355466130112 0.12291169451073991
0 0.33571428776107165 0.7655131264916468 0.06438631790744465 0.1348448687350835
0 0.19486921733853643 0.7386634844868735 0.06304493628437291 0.12171837708830546
0 0.13953722538682617 0.5817422434367542 0.06908115358819585 0.12052505966587113
0 0.06877934476979061 0.5041766109785203 0.07511737089201878 0.14439140811455853
0 0.1700536573117088 0.3573985680190931 0.0697518443997317 0.12291169451073986
0 0.05268276529292945 0.30489260143198094 0.07377598926894702 0.13961813842482101
0 0.27635815094014604 0.16408114558472553 0.06371562709590878 0.12768496420047734
0 0.322300471530354 0.057279236276849645 0.07109322602280349 0.11455847255369929
0 0.39272300674162164 0.08711217183770883 0.06036217303822938 0.11217183770883055
0 0.5352448041929965 0.03937947494033413 0.09456740442655936 0.07875894988066826
0 0.5305499685122453 0.2064439140811456 0.07444668008048283 0.1288782816229117
0 0.5748155620736135 0.1575178997613365 0.06773977196512415 0.1217183770883055
0 0.7146545962788449 0.06384248210023867 0.0523138832997988 0.10143198090692125
0 0.7498658638844787 0.05489260143198091 0.052984574111334615 0.10978520286396182
0 0.9550972522144586 0.315035799522673 0.07578806170355468 0.14319809069212408
0 0.6261234091561085 0.860381861575179 0.07109322602280344 0.12410501193317425
0 0.5738095258563098 0.7744630071599046 0.07377598926894702 0.13365155131264916
0 0.5741448712620776 0.6193317422434368 0.07042253521126762 0.12649164677804292
0 0.7076123427577182 0.6241050119331742 0.06505700871898057 0.11933174224343679
0 0.7937961120400789 0.5453460620525059 0.0697518443997317 0.12887828162291165
0 0.7844064406785767 0.31026252983293556 0.06572769953051649 0.11455847255369933
0 0.4779007398066786 0.3168257756563246 0.06572769953051644 0.11575178997613367
