0 0.033718981573359424 0.9415274463007159 0.06743796314671885 0.116945107398568
0 0.9098256224357866 0.8562052505966588 0.06841046277665996 0.13007159904534604
0 0.8705902099609375 0.5721957040572793 0.06505700871898057 0.11336515513126488
0 0.8062038920534929 0.41885441527446304 0.1468812877263581 0.2362768496420048
0 0.885010062408959 0.042362768496420046 0.07377598926894702 0.08472553699284009
0 0.6781019470501394 0.053102625298329355 0.07042253521126751 0.10620525059665871
0 0.49802146415275506 0.13365155131264916 0.07645875251509054 0.13365155131264916
0 0.5768276345082212 0.2064439140811456 0.06103286384976525 0.11694510739856803
0 0.43832998192606154 0.19391408114558473 0.08048289738430586 0.13484486873508353
0 0.1945338719327685 0.11038186157517899 0.06908115358819586 0.12291169451073984
0 0.02801810967530443 0.06742243436754176 0.05603621935060886 0.13484486873508353
0 0.05182763348482824 0.3496420047732697 0.10365526696965648 0.1885441527446301
0 0.2377934292768329 0.5781622911694511 0.06438631790744467 0.12052505966587113
0 0.34074446884759074 0.7273269689737469 0.0663983903420523 0.13245823389021483
0 0.5292085868891736 0.8042959427207637 0.07444668008048289 0.1408114558472554
0 0.6224346096926612 0.8066825775656324 0.06371562709590872 0.11455847255369922
