0 0.35784708454175573 0.9695704057279236 0.07645875251509054 0.06085918854415273
0 0.9757042263755056 0.5733890214797136 0.04859154724898873 0.13961813842482096
0 0.7330985935960816 0.7362768496420048 0.07176391683433936 0.1288782816229117
0 0.5972837042600656 0.766109785202864 0.07109322602280344 0.1288782816229117
0 0.9653085187966994 0.21539379474940334 0.06938296240660102 0.12768496420047734
0 0.7455063736094956 0.32219570405727926 0.07645875251509049 0.13126491646778043
0 0.7035881978885029 0.4373508353221957 0.06505700871898057 0.12052505966587113
0 0.46549295979326477 0.10202863961813842 0.07578806170355462 0.13723150357995226
0 0.030030182109912075 0.6431980906921241 0.06006036421982415 0.12171837708830546
0 0.20258216167119908 0.6670644391408115 0.0704225352112676 0.13126491646778038
0 0.3330315245149281 0.5566825775656324 0.07645875251509054 0.13007159904534604
