0 0.9746981901582018 0.13484486873508356 0.05060361968359639 0.1288782816229117
0 0.8575117391359879 0.9761336515513126 0.06304493628437291 0.04773269689737469
0 0.492655937660468 0.029832935560859187 0.07109322602280344 0.059665871121718374
0 0.5989604312889053 0.18794749403341288 0.07578806170355468 0.13723150357995229
0 0.7502012092902467 0.14558472553699284 0.057679409792085856 0.10978520286396182
0 0.9225687478549685 0.11038186157517899 0.05902079141515759 0.09665871121718377
0 0.8786384996993681 0.26312649164677804 0.07444668008048294 0.13007159904534604
0 0.9235747840722721 0.35799522673031026 0.06371562709590883 0.11455847255369928
0 0.9477196532875639 0.5423627684964201 0.06908115358819589 0.12768496420047737
0 0.7555667357825337 0.8025059665871122 0.06975184439973181 0.11575178997613367
0 0.7374580838710649 0.5686157517899761 0.06438631790744465 0.11097852028639621
0 0.7119718330327014 0.6127684964200477 0.06572769953051649 0.11097852028639621
0 0.5426224031198912 0.9498806682577565 0.06103286384976525 0.10023866348448685
0 0.3088866552996363 0.633054892601432 0.07109322602280349 0.12768496420047737
0 0.3350435969495358 0.3568019093078759 0.07645875251509054 0.1360381861575179
0 0.367907446714794 0.1760143198090692 0.06572769953051638 0.12291169451073984
0 0.4621395057355854 0.35799522673031026 0.07981220657276994 0.13365155131264916
0 0.4614688149240495 0.5793556085918854 0.07176391683433936 0.11813842482100234
0 0.37126090077247337 0.6217183770883055 0.0697518443997317 0.12410501193317425
0 0.30352112880734927 0.964200477326969 0.06170355466130112 0.0715990453460621
0 0.23376928440761757 0.8239856801909308 0.07377598926894702 0.12768496420047737
0 0.20325285248273495 0.7130071599045346 0.0677397719651241 0.12052505966587113
0 0.11908115563498176 0.824582338902148 0.0630449362843729 0.10978520286396176
0 0.13316566267723529 0.5405727923627686 0.07109322602280349 0.13365155131264916
0 0.026341382646464725 0.36396181384248205 0.05268276529292945 0.13126491646778043
0 0.2035881978885029 0.032219570405727926 0.0670690811535882 0.06443914081145585
0 0.2666331341728758 0.2601431980906921 0.06841046277665999 0.14081145584725535
0 0.3397384326302869 0.26252983293556087 0.06706908115358817 0.11217183770883055
0 0.41653253055114536 0.48508353221957046 0.06371562709590878 0.11336515513126494
0 0.6043259577811924 0.41945107398568016 0.06103286384976525 0.1062052505966587
0 0.594600941013922 0.441527446300716 0.06841046277665996 0.12649164677804292
