0 0.11639839238883824 0.6443914081145585 0.06975184439973173 0.1312649164677805
0 0.520824951744975 0.7768496420047732 0.054996646545942274 0.09307875894988071
0 0.5996311221004411 0.8293556085918854 0.059691482226693515 0.10978520286396176
0 0.14825620593679265 0.9510739856801909 0.06371562709590879 0.09785202863961817
0 0.962290410144788 0.613961813842482 0.075419179710424 0.1730310262529834
0 0.9649731733909315 0.931980906921241 0.07005365321813695 0.11933174224343679
0 0.7773641871574499 0.8496420047732697 0.06908115358819589 0.12649164677804303
0 0.4436955084183486 0.9695704057279236 0.07511737089201881 0.06085918854415273
0 0.7642857163325003 0.4958233890214797 0.06304493628437291 0.12052505966587113
0 0.9306170375933989 0.5572792362768497 0.06572769953051638 0.12410501193317425
0 0.8085513098938684 0.03758949880668258 0.057679409792085745 0.07517899761336516
0 0.6378604983579865 0.20405727923627687 0.0731052984574111 0.1336515513126492
0 0.019299129125337964 0.227326968973747 0.03859825825067593 0.1324582338902148
0 0.08554661505818767 0.24045346062052508 0.07377598926894702 0.13007159904534607
0 0.2347753206249214 0.17720763723150357 0.0663983903420523 0.11813842482100238
0 0.350469485614861 0.191527446300716 0.07243460764587523 0.12529832935560858
0 0.3779678088878322 0.3967780429594272 0.06572769953051644 0.12291169451073986
