0 0.9470489624760281 0.701073985680191 0.07042253521126762 0.13723150357995229
0 0.9460429262587242 0.6014319809069213 0.061703554661301174 0.11217183770883055
0 0.9592723014928766 0.30489260143198094 0.08145539701424698 0.13484486873508356
0 0.532562040946853 0.9367541766109786 0.07712944332662647 0.12649164677804292
0 0.5805164339716686 0.6897374701670644 0.07780013413816234 0.12649164677804303
0 0.4876257565739489 0.3562052505966587 0.07578806170355468 0.13007159904534604
0 0.225720994669187 0.07875894988066826 0.06841046277665996 0.116945107398568
0 0.225720994669187 0.21121718377088305 0.07511737089201875 0.13365155131264916
0 0.2582494990286773 0.35441527446300713 0.07176391683433936 0.13842482100238668
0 0.2438296465806558 0.46241050119331745 0.07243460764587528 0.12291169451073991
0 0.10030181291197707 0.6193317422434368 0.07243460764587527 0.13365155131264916
0 0.19050972706355318 0.6455847255369929 0.0704225352112676 0.13365155131264916
0 0.12276995509842911 0.9636038186157518 0.07444668008048289 0.07279236276849643
0 0.3159289088207631 0.9558472553699284 0.08517773306505699 0.08830548926014314
0 0.34543930452834193 0.7625298329355609 0.07578806170355468 0.12649164677804303
0 0.7901073125766316 0.5220763723150358 0.059691482226693515 0.10859188544152748
0 0.4601274333009777 0.17004773269689738 0.07712944332662647 0.1276849642004773
0 0.5422870577141232 0.21181384248210022 0.07511737089201886 0.13007159904534604
0 0.6093561388677116 0.17004773269689738 0.08048289738430581 0.13961813842482101
0 0.8910462797127818 0.6563245823389021 0.06036217303822944 0.10739856801909309
0 0.6777666016443714 0.8406921241050119 0.07511737089201875 0.10859188544152754
0 0.5409456760910516 0.15155131264916466 0.06572769953051638 0.13126491646778043
