0 0.9800637166504889 0.5083532219570406 0.03987256669902228 0.12410501193317419
0 0.9824111344908645 0.6772076372315037 0.03517773101827104 0.12529832935560858
0 0.9463782716644922 0.6056085918854415 0.06505700871898057 0.12291169451073991
0 0.9272635835357195 0.7422434367541766 0.06841046277665985 0.1288782816229117
0 0.5825285064062762 0.9546539379474941 0.05633802816901412 0.09069212410501193
0 0.6271294453734124 0.9182577565632458 0.07444668008048294 0.1348448687350836
0 0.6194165010407497 0.7583532219570406 0.06170355466130106 0.10381861575178997
0 0.6593226043271346 0.8335322195704058 0.06103286384976525 0.113365155131265
0 0.6314889356483956 0.6437947494033414 0.06841046277665996 0.12768496420047726
0 0.7005700892365914 0.6026252983293556 0.06036217303822944 0.11455847255369922
0 0.828336688834177 0.29594272076372313 0.07578806170355457 0.13365155131264914
0 0.5077464809200254 0.20763723150357993 0.061032863849765306 0.1026252983293556
0 0.5540241469160012 0.39618138424821003 0.07176391683433936 0.13365155131264916
0 0.43765929111452573 0.8090692124105012 0.07109322602280349 0.13842482100238662
0 0.23175721197300994 0.9289976133651552 0.07511737089201881 0.1348448687350835
0 0.2585848444344452 0.8484486873508352 0.08316566063044933 0.116945107398568
0 0.2981556023150622 0.6575178997613365 0.07243460764587523 0.14558472553699275
0 0.265291752549804 0.4856801909307876 0.07109322602280352 0.13842482100238668
0 0.11673373779460619 0.3556085918854415 0.06908115358819585 0.13365155131264916
0 0.19721663517891203 0.3389021479713604 0.07176391683433939 0.1360381861575179
0 0.27266935147669874 0.1324582338902148 0.061703554661301174 0.11217183770883055
0 0.43397049165107837 0.06801909307875895 0.07444668008048289 0.13126491646778043
0 0.43430583705684633 0.3031026252983294 0.06572769953051644 0.12171837708830549
