0 0.9493963803164036 0.8144391408114559 0.054996646545942385 0.07995226730310256
0 0.9554325976202265 0.19391408114558473 0.06706908115358823 0.11813842482100237
0 0.9225687478549685 0.5733890214797136 0.07377598926894702 0.13245823389021472
0 0.8347082515437678 0.6157517899761337 0.07243460764587528 0.14558472553699287
0 0.703252852482735 0.9116945107398569 0.06975184439973181 0.12410501193317425
0 0.5241784058026544 0.9027446300715991 0.07243460764587523 0.13245823389021483
0 0.5141180436296162 0.6414081145584726 0.07243460764587523 0.12768496420047737
0 0.5929242139850823 0.5077565632458234 0.0731052984574111 0.12768496420047737
0 0.697216635178912 0.27684964200477324 0.07645875251509049 0.12410501193317422
0 0.6016431945350489 0.3705250596658711 0.07042253521126762 0.14200477326968974
0 0.5084171717315613 0.3908114558472554 0.07444668008048294 0.14439140811455847
0 0.5231723695853506 0.26610978520286394 0.06908115358819583 0.12887828162291168
0 0.3803152267282078 0.21062052505966586 0.06505700871898057 0.1539379474940334
0 0.3937290429589254 0.08532219570405727 0.07310529845741115 0.1062052505966587
0 0.3491281039917893 0.19928400954653938 0.06841046277665996 0.12171837708830552
0 0.14590878809641705 0.05369928400954654 0.08584842387659289 0.10739856801909307
0 0.2609322622748208 0.2595465393794749 0.0637156270959088 0.11336515513126494
0 0.2934607666343111 0.3860381861575179 0.07645875251509054 0.13723150357995229
0 0.38501006240895896 0.5990453460620525 0.06773977196512404 0.12410501193317414
0 0.30486251043042106 0.7488066825775657 0.0697518443997317 0.1348448687350835
0 0.3598591569763634 0.8060859188544153 0.061703554661301174 0.12052505966587113
0 0.06173709124866386 0.383054892601432 0.05432595573440644 0.09785202863961812
0 0.8494634493975572 0.7165871121718377 0.06438631790744465 0.12768496420047737
0 0.6412139524156659 0.4636038186157518 0.06237424547283699 0.11575178997613367
0 0.08252850640627621 0.32637231503579955 0.06773977196512408 0.12529832935560864
0 0.19185110868662497 0.6640811455847255 0.07176391683433939 0.13245823389021472
0 0.17038900271747673 0.8460620525059666 0.06908115358819583 0.12649164677804292
0 0.24584171901526344 0.9009546539379475 0.07109322602280349 0.12649164677804303
0 0.936653254897222 0.89618138424821 0.07109322602280355 0.13365155131264916
0 0.9628101965471212 0.431980906921241 0.07109322602280355 0.12887828162291165
0 0.7176727049307564 0.6324582338902148 0.07847082494969815 0.14558472553699287
0 0.45610328843176245 0.1616945107398568 0.07847082494969815 0.13007159904534604
