0 0.748189136855639 0.15035799522673032 0.06572769953051649 0.11694510739856802
0 0.7374580838710649 0.3454653937947494 0.06975184439973181 0.12052505966587113
0 0.4721998679086236 0.8711217183770883 0.07444668008048294 0.116945107398568
0 0.4654929597932648 0.7875894988066826 0.07042253521126762 0.11933174224343679
0 0.4789067760239824 0.6915274463007159 0.0731052984574111 0.13245823389021483
0 0.5422870577141232 0.6205250596658711 0.06706908115358823 0.11455847255369922
0 0.5982897404773695 0.8042959427207638 0.0663983903420523 0.1288782816229117
0 0.646244133502185 0.8991646778042959 0.07511737089201875 0.1348448687350835
0 0.8189470174726746 0.8036992840095465 0.06103286384976525 0.11813842482100234
0 0.8293427250514808 0.626491646778043 0.07109322602280344 0.13603818615751784
0 0.8866867894377987 0.5626491646778042 0.07712944332662652 0.13723150357995223
0 0.9857645885485439 0.11515513126491647 0.02847082290291225 0.09904534606205251
0 0.896747151610837 0.10560859188544153 0.0663983903420523 0.12529832935560858
0 0.765291752549804 0.03937947494033413 0.06371562709590883 0.07875894988066826
0 0.6392018799810583 0.028639618138424822 0.06505700871898057 0.057279236276849645
0 0.31525821800922726 0.6473747016706444 0.0677397719651241 0.1348448687350835
0 0.19989939842505555 0.9385441527446301 0.062374245472837014 0.10859188544152742
0 0.0989604312889053 0.7088305489260143 0.056338028169014065 0.09785202863961817
0 0.17642522002129968 0.6718377088305489 0.06908115358819583 0.12649164677804303
0 0.08521126965241974 0.5835322195704058 0.07578806170355466 0.1312649164677805
0 0.018963783719570023 0.14618138424821003 0.037927567439140046 0.12529832935560858
0 0.04042588968871825 0.2971360381861575 0.0808517793774365 0.1909307875894988
0 0.09862508588313737 0.22315035799522673 0.07310529845741115 0.12649164677804298
0 0.10533199399849619 0.37410501193317425 0.06773977196512408 0.12052505966587113
0 0.5858819604639556 0.35262529832935563 0.07511737089201875 0.13245823389021477
0 0.41519114892807363 0.39916467780429593 0.07176391683433941 0.1348448687350835
0 0.458450706272138 0.4803102625298329 0.05902079141515759 0.094272076372315
