0 0.042287057714123284 0.9665871121718377 0.0744466800804829 0.06682577565632464
0 0.8078806190823324 0.9409307875894988 0.0697518443997317 0.11813842482100234
0 0.9302816921876309 0.027446300715990454 0.08115358819584173 0.05489260143198091
0 0.8883635164666384 0.13782816229116945 0.07377598926894702 0.13245823389021477
0 0.5017102636162024 0.8663484486873508 0.06908115358819583 0.12649164677804303
0 0.11069752049078324 0.27088305489260145 0.06103286384976525 0.1288782816229117
0 0.11405097454846266 0.5900954653937948 0.07712944332662643 0.13723150357995229
0 0.31693494503806696 0.37589498806682575 0.07780013413816228 0.12649164677804298
0 0.4326291100280066 0.3424821002386635 0.07712944332662641 0.12649164677804292
0 0.38601609862626274 0.5704057279236276 0.06036217303822938 0.10739856801909309
0 0.7092890697865579 0.5626491646778042 0.07243460764587528 0.1276849642004773
