0 0.32766599802264107 0.9439140811455847 0.07243460764587523 0.11217183770883055
0 0.640207916198362 0.7422434367541766 0.06304493628437291 0.10023866348448685
0 0.7478537914498711 0.7159904534606205 0.08115358819584173 0.13603818615751795
0 0.6831321281366585 0.8418854415274463 0.07377598926894702 0.12052505966587113
0 0.861871229410971 0.9266109785202864 0.07444668008048283 0.11813842482100245
0 0.811234073140012 0.818019093078759 0.06572769953051649 0.11336515513126488
0 0.8581824299475237 0.701670644391408 0.07511737089201875 0.13365155131264916
0 0.9500670711279395 0.7678997613365155 0.07914151576123407 0.13961813842482096
0 0.924580820289576 0.6109785202863962 0.08584842387659286 0.14319809069212408
0 0.8424211958764305 0.5769689737470167 0.06505700871898057 0.12529832935560858
0 0.6901743816577852 0.46957040572792363 0.07578806170355468 0.13007159904534604
0 0.7398055017114404 0.431980906921241 0.0731052984574111 0.12887828162291165
0 0.7267270308864908 0.2458233890214797 0.08182427900737754 0.14319809069212408
0 0.6613346767617423 0.1032219570405728 0.07042253521126762 0.1324582338902148
0 0.7619382984921246 0.11634844868735084 0.06773977196512415 0.11097852028639617
0 0.7790409141862896 0.21360381861575178 0.06572769953051649 0.13842482100238662
0 0.6677062394713331 0.30787589498806683 0.06304493628437291 0.12171837708830549
0 0.44369550841834865 0.2464200477326969 0.06304493628437291 0.12291169451073986
0 0.5365861858160683 0.09725536992840095 0.07444668008048289 0.1276849642004773
0 0.4631455419528892 0.05847255369928401 0.07377598926894702 0.11694510739856802
0 0.2773641871574499 0.081145584725537 0.07645875251509054 0.1431980906921241
0 0.1314889356483956 0.04474940334128878 0.07578806170355465 0.08949880668257756
0 0.1070087210273359 0.14737470167064437 0.0670690811535882 0.13007159904534604
0 0.11069752049078324 0.6378281622911695 0.07310529845741114 0.11575178997613356
0 0.055700873944840926 0.5674224343675418 0.06773977196512408 0.12768496420047726
0 0.06006036421982415 0.35381861575178997 0.07377598926894702 0.12052505966587113
0 0.27568746012861023 0.2834128878281623 0.08383635144198526 0.13484486873508356
0 0.3783031542936002 0.5167064439140812 0.0784708249496982 0.12171837708830546
0 0.4477196532875639 0.6616945107398569 0.07511737089201875 0.13007159904534615
0 0.5188128793103675 0.711217183770883 0.06572769953051638 0.11217183770883055
0 0.6093561388677116 0.6318615751789975 0.06706908115358823 0.11575178997613367
0 0.6378604983579865 0.6700477326968974 0.06237424547283699 0.1109785202863961
0 0.014604293444586792 0.1945107398568019 0.029208586889173584 0.116945107398568
0 0.9275989289414874 0.9689737470167065 0.08115358819584173 0.06205250596658707
0 0.8253185801822654 0.3764916467780429 0.07511737089201875 0.13245823389021477
0 0.8866867894377988 0.4409307875894988 0.0556673373574782 0.10859188544152748
0 0.929946346781863 0.43973747016706444 0.0630449362843728 0.11813842482100234
0 0.918879948391521 0.07517899761336516 0.07176391683433936 0.13365155131264916
0 0.9847585523312401 0.19331742243436756 0.03048289533751991 0.12649164677804295
0 0.9369886003029898 0.2977326968973747 0.07578806170355468 0.13723150357995226
0 0.9383299819260615 0.31742243436754175 0.06103286384976525 0.12410501193317425
0 0.544299130148731 0.9230310262529833 0.07109322602280355 0.12768496420047737
0 0.40345405972619575 0.7810262529832935 0.05902079141515765 0.10143198090692129
