0 0.8041918196188852 0.06742243436754176 0.06103286384976525 0.1324582338902148
0 0.9597920878952098 0.3568019093078759 0.06908115358819578 0.12410501193317419
0 0.950217975537142 0.7225536992840096 0.0995640489257158 0.2064439140811456
0 0.8980885332339086 0.6217183770883055 0.07444668008048294 0.12410501193317425
0 0.4688464138509442 0.8890214797136038 0.0663983903420523 0.11217183770883055
0 0.7076123427577181 0.9176610978520287 0.06371562709590883 0.10023866348448696
0 0.4031187143204278 0.9343675417661098 0.06237424547283699 0.11217183770883055
0 0.7035881978885029 0.7768496420047732 0.06908115358819589 0.1050119331742243
0 0.5828638518120441 0.7565632458233891 0.07847082494969815 0.13842482100238673
0 0.6361837713291467 0.626491646778043 0.07780013413816234 0.12410501193317425
0 0.4933266284720039 0.6205250596658711 0.06706908115358817 0.11217183770883055
0 0.560395709625592 0.5202863961813843 0.06170355466130106 0.10501193317422436
0 0.48393695711050155 0.4212410501193318 0.056338028169014065 0.11455847255369928
0 0.08554661505818767 0.06145584725536993 0.0670690811535882 0.12291169451073986
0 0.2689805520132514 0.19630071599045346 0.07712944332662641 0.139618138424821
0 0.18480885516549822 0.5441527446300716 0.05902079141515762 0.12410501193317425
0 0.12344064590996501 0.6306682577565632 0.0744466800804829 0.13007159904534604
0 0.2109657968153976 0.7136038186157518 0.06706908115358817 0.12410501193317425
