0 0.26160295308635667 0.4439140811455847 0.0556673373574782 0.11455847255369928
0 0.764956407144036 0.050119331742243436 0.07109322602280355 0.10023866348448687
0 0.2686452066074834 0.1801909307875895 0.06841046277665994 0.12410501193317423
0 0.28340040446127285 0.39916467780429593 0.06304493628437291 0.12052505966587113
0 0.4960093917181474 0.4361575178997613 0.05499664654594233 0.10143198090692124
0 0.48963782900855657 0.5435560859188544 0.05700871898054999 0.11336515513126488
0 0.5144533890353842 0.41408114558472553 0.05566733735747825 0.10262529832935563
0 0.5774983253197571 0.2756563245823389 0.07042253521126751 0.12649164677804295
0 0.6244466821272688 0.21360381861575178 0.06908115358819589 0.12171837708830546
0 0.7287391033210985 0.16706443914081145 0.06841046277665996 0.12410501193317423
0 0.935982564085686 0.2869928400954654 0.06572769953051638 0.12768496420047734
0 0.7870892039247201 0.4063245823389021 0.06841046277665996 0.12291169451073986
0 0.6640174400078859 0.41109785202863963 0.05700871898054993 0.09904534606205251
0 0.6593226043271347 0.46718377088305485 0.06237424547283699 0.10381861575178991
0 0.7294097941326343 0.6628878281622912 0.07243460764587517 0.13007159904534604
0 0.8085513098938684 0.7374701670644391 0.0697518443997317 0.1288782816229117
0 0.6915157632808571 0.9063245823389021 0.07042253521126762 0.13723150357995229
0 0.6365191167349147 0.8591885441527447 0.0663983903420523 0.10978520286396176
0 0.6204225372580535 0.7917661097852029 0.06103286384976525 0.10143198090692118
0 0.5318913501353171 0.9009546539379475 0.06237424547283699 0.11694510739856812
0 0.25254862713062226 0.9451073985680192 0.06304493628437288 0.10978520286396176
0 0.12008719185228559 0.7428400954653938 0.05164319248826292 0.09665871121718383
0 0.18950369084624935 0.633054892601432 0.0670690811535882 0.10143198090692129
0 0.19922870761351966 0.4600238663484487 0.08115358819584173 0.13245823389021477
0 0.40244802350889186 0.7034606205250598 0.06908115358819583 0.12529832935560858
0 0.4638162327644251 0.7708830548926014 0.05499664654594233 0.10978520286396187
0 0.4923205922547001 0.788782816229117 0.07042253521126762 0.13126491646778038
