0 0.9854292431427759 0.6175417661097852 0.029141513714448175 0.10381861575178997
0 0.9723507723178262 0.8120525059665871 0.05529845536434752 0.13007159904534604
0 0.23913481089990463 0.9504773269689737 0.1086519114688129 0.09904534606205251
0 0.20828303356925407 0.09606205250596658 0.07511737089201875 0.13484486873508353
0 0.8739436640186169 0.43377088305489264 0.07444668008048283 0.13245823389021477
0 0.8836686807858871 0.8448687350835322 0.07645875251509049 0.13603818615751795
0 0.8132461455746196 0.8794749403341289 0.08182427900737754 0.1431980906921242
0 0.7743460785055385 0.5739856801909308 0.06438631790744476 0.1050119331742243
0 0.7790409141862895 0.6491646778042959 0.07377598926894702 0.12171837708830557
0 0.4802481576470542 0.9254176610978521 0.07310529845741115 0.13961813842482096
0 0.5117706257892407 0.8991646778042959 0.0663983903420523 0.11575178997613367
0 0.4735412495316954 0.7326968973747017 0.0784708249496982 0.13842482100238662
0 0.5188128793103675 0.6569212410501193 0.0697518443997317 0.12052505966587113
0 0.6861502367885699 0.9373508353221958 0.06237424547283699 0.12529832935560858
0 0.26160295308635667 0.2977326968973747 0.07712944332662641 0.13723150357995226
0 0.22035546817689994 0.25298329355608595 0.0670690811535882 0.13126491646778043
0 0.1301475540253238 0.2947494033412888 0.07847082494969818 0.14558472553699287
0 0.03707243563103884 0.081145584725537 0.07414487126207768 0.13842482100238665
0 0.07414487126207767 0.24164677804295942 0.05767940979208584 0.09904534606205251
0 0.0327129453560556 0.4212410501193318 0.0654258907121112 0.11455847255369928
0 0.033383636167591484 0.535799522673031 0.06676727233518297 0.12171837708830546
0 0.1086854480561756 0.6205250596658711 0.07578806170355465 0.12649164677804303
0 0.09225352317354649 0.5632458233890215 0.08048289738430585 0.11217183770883055
0 0.20828303356925407 0.6813842482100239 0.06572769953051644 0.12649164677804303
0 0.10633803021580002 0.8138424821002386 0.06304493628437291 0.116945107398568
0 0.16301140379058204 0.7064439140811456 0.05969148222669349 0.10739856801909309
0 0.2683098612017155 0.6700477326968974 0.06103286384976528 0.10859188544152742
0 0.41183769487039423 0.4009546539379475 0.07712944332662641 0.12410501193317425
0 0.4011066418858201 0.5781622911694511 0.07444668008048294 0.13723150357995229
0 0.5305499685122453 0.5352028639618138 0.06773977196512404 0.12529832935560864
0 0.5831991972178121 0.4009546539379475 0.06841046277665996 0.11933174224343679
0 0.6425553340387377 0.03639618138424821 0.06908115358819589 0.07279236276849642
0 0.515459425252688 0.03579952267303103 0.07243460764587523 0.07159904534606205
0 0.4544265614029227 0.07637231503579953 0.07109322602280349 0.11933174224343675
0 0.8196177082842104 0.08591885441527447 0.06505700871898057 0.12171837708830549
0 0.7310865211614741 0.03639618138424821 0.07847082494969826 0.07279236276849642
0 0.6874916184116417 0.7332935560859188 0.07176391683433936 0.1348448687350836
0 0.8608651931936673 0.9116945107398569 0.07109322602280355 0.1288782816229116
0 0.6412139524156659 0.8836515513126492 0.07042253521126762 0.12052505966587113
0 0.34309188668796636 0.3633651551312649 0.07377598926894702 0.12291169451073986
0 0.26495640714403607 0.47255369928400953 0.07578806170355465 0.12649164677804292
0 0.15429242324061557 0.337708830548926 0.06908115358819583 0.12649164677804298
0 0.16502347622518967 0.19868735083532219 0.07444668008048289 0.1324582338902148
