0 0.9763749171870415 0.5668257756563246 0.047250165625916996 0.14319809069212408
0 0.7327632481903137 0.733890214797136 0.07377598926894702 0.1288782816229117
0 0.9653085187966994 0.2106205250596659 0.06938296240660102 0.1252983293556086
0 0.7458417190152634 0.318019093078759 0.07578806170355468 0.13245823389021477
0 0.7035881978885028 0.42959427207637235 0.0663983903420523 0.12171837708830552
0 0.5989604312889053 0.7601431980906921 0.06639839034205242 0.12649164677804292
0 0.33269617910916016 0.5507159904534606 0.0784708249496982 0.1348448687350835
0 0.3568410483244519 0.9659904534606205 0.07712944332662641 0.06801909307875897
0 0.029359491298376193 0.6426014319809069 0.058718982596752387 0.12052505966587113
0 0.202917507076967 0.6640811455847255 0.07109322602280349 0.13007159904534604
0 0.4661636506048007 0.09665871121718378 0.0731052984574112 0.13126491646778043
