0 0.012927566415747088 0.47076372315035797 0.025855132831494175 0.1229116945107398
0 0.011250839386907381 0.34009546539379476 0.022501678773814763 0.10501193317422436
0 0.022987928588785317 0.2171837708830549 0.045975857177570634 0.1312649164677804
0 0.9463782716644922 0.8532219570405728 0.06773977196512404 0.13126491646778038
0 0.8900402434954781 0.9045346062052506 0.07176391683433936 0.1288782816229117
0 0.872937627801313 0.5930787589498807 0.06706908115358823 0.12171837708830557
0 0.8011737109669737 0.6676610978520287 0.0697518443997317 0.11813842482100245
0 0.46549295979326477 0.5900954653937948 0.07712944332662647 0.13007159904534604
0 0.6663648578482615 0.6742243436754176 0.07109322602280355 0.1312649164677805
0 0.788430585547792 0.3568019093078759 0.06036217303822944 0.12171837708830552
0 0.8092220007054043 0.23031026252983294 0.07109322602280344 0.1312649164677804
0 0.7398055017114405 0.32279236276849643 0.06908115358819589 0.12529832935560858
0 0.5362508404103004 0.06742243436754176 0.06841046277665996 0.12052505966587111
0 0.4604627787067457 0.2201670644391408 0.06706908115358823 0.1324582338902148
0 0.2944668028516149 0.08412887828162292 0.08249496981891347 0.13723150357995229
0 0.2247149584518832 0.40930787589498807 0.07310529845741115 0.13126491646778043
0 0.11069752049078324 0.6294749403341289 0.07847082494969819 0.13961813842482096
0 0.18615023678856996 0.6431980906921241 0.06841046277665996 0.12171837708830546
0 0.2445003373921917 0.678400954653938 0.06036217303822938 0.113365155131265
0 0.2706572790420911 0.4200477326968973 0.0697518443997317 0.1360381861575179
