0 0.46582830519903273 0.6897374701670644 0.07377598926894707 0.13126491646778038
0 0.41016096784155454 0.7422434367541766 0.0697518443997317 0.12649164677804292
0 0.34510395912257397 0.7762529832935561 0.07109322602280349 0.12768496420047737
0 0.14993293296563234 0.9015513126491648 0.06841046277665996 0.12529832935560858
0 0.18782696381740965 0.752983293556086 0.0704225352112676 0.12171837708830546
0 0.021311201559945613 0.649761336515513 0.042622403119891225 0.1348448687350835
0 0.05972501881405621 0.4224343675417661 0.06505700871898054 0.13365155131264916
0 0.2699865882305552 0.04474940334128878 0.06572769953051641 0.08949880668257756
0 0.10969148427347943 0.17124105011933172 0.07511737089201878 0.13007159904534604
0 0.3430918866879663 0.08412887828162291 0.07243460764587523 0.1276849642004773
0 0.37025486455516954 0.03400954653937947 0.0663983903420523 0.06801909307875895
0 0.3514755218321649 0.23269689737470167 0.06908115358819583 0.1312649164677804
0 0.5845405788408838 0.08532219570405727 0.07243460764587528 0.13484486873508353
0 0.6931924903096968 0.028042959427207637 0.06841046277665996 0.05608591885441527
0 0.8645539926571146 0.07637231503579953 0.0731052984574111 0.1288782816229117
0 0.8980885332339087 0.14021479713603818 0.06908115358819589 0.12529832935560858
0 0.9733568085351301 0.5978520286396182 0.05328638292973986 0.1288782816229117
0 0.844768613716806 0.5005966587112172 0.07645875251509049 0.13245823389021483
0 0.7632796801151964 0.6008353221957041 0.06773977196512415 0.11813842482100234
0 0.64054326160413 0.7923627684964201 0.07176391683433936 0.12171837708830546
0 0.66334674919635 0.6599045346062054 0.06908115358819589 0.13365155131264916
0 0.5711267626101661 0.6408114558472553 0.06841046277665985 0.13603818615751784
0 0.583869888029348 0.43138424821002386 0.06572769953051638 0.1181384248210024
0 0.5711267626101661 0.2905727923627685 0.06841046277665985 0.12291169451073983
