0 0.007897385329227973 0.8048926014319809 0.015794770658455946 0.10143198090692129
0 0.014268948038818851 0.9278042959427208 0.028537896077637702 0.13245823389021483
0 0.12411133672150088 0.9737470167064439 0.07310529845741114 0.05250596658711215
0 0.5875586874927954 0.980310262529833 0.052984574111334726 0.039379474940334114
0 0.990794769635063 0.6754176610978521 0.018410460729874067 0.1050119331742243
0 0.967655936637075 0.7905727923627685 0.06468812672584989 0.12052505966587113
0 0.9713447361005224 0.5542959427207637 0.05731052779895518 0.13245823389021483
0 0.8950704245819971 0.5966587112171837 0.06706908115358823 0.11933174224343668
0 0.9225687478549683 0.41527446300715987 0.06975184439973181 0.1360381861575179
0 0.8759557364532246 0.34009546539379476 0.06908115358819589 0.12171837708830546
0 0.7891012763593279 0.4946300715990453 0.06304493628437291 0.12529832935560858
0 0.7102951060038617 0.6014319809069213 0.046277665995975825 0.10023866348448685
0 0.6831321281366585 0.7953460620525059 0.0697518443997317 0.13245823389021483
0 0.6378604983579864 0.8293556085918854 0.06505700871898057 0.12171837708830557
0 0.32665996180533724 0.9588305489260143 0.07042253521126762 0.08233890214797135
0 0.7183433957422922 0.0727923627684964 0.07444668008048294 0.12887828162291168
0 0.7800469504035934 0.06324582338902147 0.07981220657276988 0.12649164677804295
0 0.5369215312218363 0.5107398568019093 0.06841046277665996 0.10978520286396176
0 0.44537223544718835 0.5894988066825776 0.07578806170355468 0.13603818615751795
0 0.19721663517891203 0.905727923627685 0.0637156270959088 0.12649164677804303
0 0.02030516534264179 0.4307875894988067 0.04061033068528358 0.1360381861575179
0 0.04094567609105152 0.3556085918854415 0.06371562709590879 0.11217183770883055
0 0.07179745342170207 0.060859188544152745 0.07310529845741112 0.12171837708830549
0 0.09795439507160147 0.14976133651551313 0.06371562709590878 0.10859188544152744
0 0.20828303356925407 0.31443914081145585 0.06438631790744465 0.12529832935560858
