0 0.9329644554337746 0.0220763723150358 0.08115358819584173 0.0441527446300716
0 0.042287057714123284 0.9647971360381862 0.06908115358819585 0.07040572792362765
0 0.8098926915169402 0.9385441527446301 0.06438631790744465 0.11813842482100234
0 0.8897048980897101 0.12708830548926014 0.07511737089201875 0.13245823389021477
0 0.4336351462453104 0.3317422434367542 0.07914151576123407 0.12649164677804292
0 0.7113011422211655 0.5531026252983293 0.07377598926894702 0.1276849642004773
0 0.5050637176738818 0.8579952267303104 0.06908115358819583 0.13365155131264916
0 0.3897048980897101 0.5596658711217184 0.06371562709590878 0.11455847255369922
0 0.1160630469830703 0.5781622911694511 0.07847082494969819 0.14200477326968974
0 0.11069752049078324 0.2595465393794749 0.06371562709590878 0.12291169451073986
0 0.3172702904438349 0.366945107398568 0.07444668008048289 0.12529832935560858
