0 0.5295439322949416 0.9433174224343676 0.07109322602280349 0.11336515513126488
0 0.12310530050419705 0.9659904534606205 0.08182427900737758 0.06801909307875897
0 0.3139168363861555 0.9636038186157518 0.07444668008048294 0.07279236276849643
0 0.34208585047066253 0.7714797136038186 0.07444668008048289 0.1229116945107398
0 0.10030181291197707 0.6324582338902147 0.06706908115358821 0.12649164677804292
0 0.18715627300587379 0.655727923627685 0.06908115358819583 0.1348448687350836
0 0.23980550171144052 0.4737470167064439 0.06572769953051644 0.11455847255369928
0 0.22337357682881143 0.09307875894988067 0.06639839034205233 0.11933174224343676
0 0.220020122771132 0.227326968973747 0.07310529845741115 0.1205250596658711
0 0.25892018984021314 0.36634844868735084 0.0704225352112676 0.13842482100238662
0 0.4567739792432983 0.1867541766109785 0.0677397719651241 0.12052505966587113
0 0.5419517123083553 0.1587112171837709 0.0731052984574111 0.1288782816229117
0 0.5399396398737477 0.2243436754176611 0.06505700871898057 0.12171837708830546
0 0.6053319939984962 0.18496420047732698 0.07780013413816234 0.13365155131264916
0 0.486955065762413 0.3693317422434368 0.06908115358819583 0.11336515513126494
0 0.5764922891024533 0.7010739856801909 0.07243460764587517 0.113365155131265
0 0.6757545292097638 0.8532219570405728 0.07780013413816234 0.11694510739856812
0 0.9574446700548342 0.3192124105011933 0.07914151576123407 0.12291169451073986
0 0.9443661992298845 0.7124105011933175 0.07176391683433936 0.12649164677804292
0 0.8883635164666384 0.6670644391408115 0.06438631790744465 0.11217183770883055
0 0.9436955084183486 0.6121718377088305 0.06103286384976525 0.10978520286396187
0 0.7874245493304881 0.5369928400954654 0.05432595573440646 0.10501193317422436
