0 0.9798514196114947 0.56 0.04029716077701062 0.11310344827586205
0 0.62830749038578 0.9537931034482758 0.06434108527131777 0.09241379310344833
0 0.6976873353470203 0.7586206896551724 0.07131782945736431 0.13517241379310352
0 0.7639664051144621 0.6758620689655173 0.0736434108527132 0.13241379310344825
0 0.9139664051144623 0.6227586206896552 0.07131782945736431 0.13379310344827589
0 0.9345090407733769 0.49793103448275866 0.06744186046511635 0.13517241379310346
0 0.6554392733315164 0.05586206896551724 0.07209302325581401 0.11172413793103449
0 0.7186175679051598 0.35724137931034483 0.07906976744186045 0.13241379310344825
0 0.7325710562772529 0.3006896551724138 0.06976744186046513 0.12965517241379312
0 0.902338498137718 0.2482758620689655 0.06511627906976747 0.13793103448275865
0 0.9275322965873305 0.07379310344827586 0.0736434108527132 0.12275862068965517
0 0.8488501260446948 0.16482758620689653 0.07131782945736431 0.13103448275862067
0 0.6914857849594235 0.17310344827586208 0.06666666666666665 0.11448275862068964
0 0.5879974128664002 0.3317241379310345 0.07054263565891472 0.12827586206896552
0 0.022099481626998548 0.5241379310344828 0.044198963253997095 0.12965517241379315
0 0.03644056689831637 0.3082758620689655 0.07288113379663275 0.1393103448275862
0 0.08605942837027616 0.2979310344827586 0.05426356589147286 0.10206896551724137
0 0.18644702526950097 0.8724137931034484 0.06589147286821706 0.12
0 0.4577648547268653 0.8841379310344828 0.06589147286821706 0.1296551724137931
0 0.5093152423237646 0.9448275862068966 0.06511627906976747 0.1103448275862069
0 0.6178423741067103 0.7820689655172415 0.06511627906976747 0.12689655172413794
0 0.5131912113160126 0.5531034482758621 0.06356589147286817 0.12137931034482757
0 0.22791989348655525 0.8186206896551724 0.06356589147286823 0.12827586206896546
0 0.2825710562772529 0.6151724137931034 0.05193798449612402 0.11586206896551732
0 0.13993539736252422 0.6696551724137931 0.07364341085271318 0.13379310344827589
0 0.12210593999818314 0.549655172413793 0.07054263565891473 0.12
0 0.2631912113160126 0.49379310344827587 0.07364341085271317 0.13793103448275867
0 0.39032299426174905 0.30137931034482757 0.0736434108527132 0.136551724137931
0 0.5046640795330668 0.3544827586206897 0.07906976744186045 0.13793103448275862
