0 0.9860999339543118 0.2649164677804296 0.02780013209137633 0.11455847255369925
0 0.9700033544774507 0.3711217183770883 0.05999329104509876 0.12410501193317425
0 0.9753688809697376 0.7100238663484486 0.049262238060524655 0.14319809069212408
0 0.8551643212956122 0.6264916467780429 0.0663983903420523 0.12171837708830546
0 0.7377934292768329 0.5393794749403341 0.0731052984574112 0.1241050119331743
0 0.32665996180533724 0.9779236276849642 0.06505700871898057 0.04415274463007157
0 0.3806505721339757 0.9146778042959427 0.06572769953051644 0.12529832935560858
0 0.43497652786838215 0.8418854415274463 0.06304493628437291 0.11097852028639621
0 0.5278672052661018 0.7714797136038186 0.0663983903420523 0.12768496420047737
0 0.5553655285390731 0.29236276849642007 0.0731052984574111 0.1336515513126492
0 0.6432260248502735 0.028042959427207637 0.06908115358819578 0.05608591885441527
0 0.5630784728717356 0.09546539379474941 0.06841046277665996 0.13842482100238665
0 0.6231053005041971 0.13424821002386633 0.07042253521126762 0.12529832935560858
0 0.5100938987604009 0.19689737470167065 0.0697518443997317 0.12649164677804298
0 0.6278001361849482 0.2881861575178998 0.06103286384976525 0.10859188544152745
0 0.45476190680869066 0.34009546539379476 0.0677397719651241 0.12410501193317425
0 0.38333333538011927 0.47613365155131265 0.0697518443997317 0.1312649164677805
0 0.27266935147669874 0.4498806682577565 0.06438631790744467 0.12171837708830541
0 0.16234071297904615 0.43973747016706444 0.07712944332662641 0.13484486873508356
0 0.25422535415946196 0.5274463007159904 0.07176391683433933 0.13365155131264916
0 0.24986586388447876 0.6778042959427208 0.07109322602280349 0.1408114558472554
0 0.22002012277113203 0.8305489260143197 0.07176391683433939 0.13365155131264916
0 0.08185781559474031 0.6706443914081146 0.07712944332662643 0.13365155131264916
0 0.22370892223457933 0.3305489260143198 0.06841046277665994 0.1288782816229117
0 0.2002347438308235 0.1628878281622912 0.07645875251509054 0.13245823389021483
0 0.03960429446797976 0.05071599045346062 0.06908115358819585 0.10143198090692124
