0 0.9272635835357195 0.5954653937947494 0.057679409792085745 0.116945107398568
0 0.3256539255880334 0.8550119331742243 0.07109322602280349 0.13723150357995229
0 0.7746814239113065 0.9498806682577565 0.07847082494969826 0.10023866348448685
0 0.9403420543606693 0.7213603818615753 0.07042253521126762 0.12291169451073991
0 0.6341716988945392 0.8448687350835322 0.0697518443997317 0.1288782816229117
0 0.588564723710099 0.5501193317422435 0.07780013413816234 0.13126491646778043
0 0.7441649919864237 0.4385441527446301 0.07645875251509049 0.1300715990453461
0 0.5597250188140561 0.23210023866348448 0.05902079141515759 0.10143198090692124
0 0.5406103306852836 0.42601431980906923 0.0663983903420523 0.12410501193317419
0 0.2223675406115076 0.5023866348448687 0.07109322602280346 0.13365155131264916
0 0.3098926915169402 0.08174224343675418 0.07981220657276994 0.13723150357995229
