1 0.2012407800481273 0.3299522673031026 0.06505700871898054 0.12529832935560858
2 0.6754191838039958 0.17422434367541767 0.06773977196512415 0.14081145584725535
2 0.884674717003191 0.33770883054892603 0.06103286384976525 0.11217183770883055
2 0.8736083186128489 0.8949880668257757 0.061703554661301174 0.1408114558472554
2 0.5023809544277382 0.8818615751789975 0.06237424547283699 0.11933174224343668
2 0.13350100808300322 0.8723150357995226 0.06237424547283703 0.1288782816229117
1 0.02801810967530443 0.6664677804295942 0.05603621935060886 0.12529832935560858
2 0.418544602985753 0.37231503579952263 0.05969148222669346 0.10978520286396182
2 0.17206572974631645 0.535799522673031 0.06975184439973173 0.12171837708830546
1 0.2592555352459811 0.8013126491646778 0.07377598926894702 0.12529832935560858
1 0.5825285064062762 0.44152744630071594 0.0697518443997317 0.11455847255369928
1 0.4819248846758939 0.6825775656324582 0.06841046277665996 0.13603818615751784
