0 0.974027499346666 0.961217183770883 0.051945001306668126 0.07756563245823389
0 0.6848088551654982 0.9224343675417661 0.07176391683433936 0.11933174224343679
0 0.7582494990286772 0.8168257756563246 0.07914151576123407 0.12291169451073991
0 0.8035211288073493 0.7100238663484486 0.06505700871898057 0.10023866348448685
0 0.7042588887000387 0.7261336515513126 0.06908115358819578 0.12052505966587113
0 0.9410127451722051 0.23329355608591887 0.06773977196512404 0.11336515513126494
0 0.8578470845417558 0.1318615751789976 0.07042253521126762 0.13007159904534607
0 0.5600603642198242 0.532219570405728 0.06505700871898057 0.12171837708830552
0 0.5741448712620776 0.37708830548926014 0.059691482226693515 0.10739856801909309
0 0.041951712308355336 0.23210023866348448 0.05633802816901408 0.12291169451073986
0 0.019299129125337964 0.47315035799522676 0.03859825825067593 0.1300715990453461
0 0.10600268481003208 0.7768496420047732 0.06908115358819585 0.13126491646778038
0 0.20023474383082346 0.5513126491646778 0.06438631790744467 0.12171837708830546
0 0.3457746499341099 0.4468973747016707 0.06572769953051644 0.13245823389021477
0 0.5087525171373292 0.1807875894988067 0.06572769953051644 0.13007159904534604
0 0.48561368413934125 0.07100238663484486 0.07444668008048289 0.13007159904534604
