0 0.6200871918522857 0.03818615751789976 0.07109322602280355 0.07637231503579953
0 0.21700201411922054 0.020883054892601432 0.07511737089201878 0.041766109785202864
0 0.6422199886329697 0.9546539379474941 0.07109322602280344 0.09069212410501193
0 0.5637491636832714 0.9433174224343676 0.07645875251509049 0.11336515513126488
0 0.5375922220333721 0.9182577565632458 0.04694835680751175 0.10381861575178997
0 0.7776995325632179 0.42959427207637235 0.07243460764587528 0.13126491646778043
0 0.7847417860843446 0.46897374701670647 0.07042253521126762 0.12171837708830552
0 0.8796445359166719 0.5656324582338903 0.06572769953051649 0.12410501193317425
0 0.947719653287564 0.4051312649164678 0.059691482226693515 0.12052505966587113
0 0.935982564085686 0.22255369928400953 0.06036217303822944 0.11097852028639618
0 0.9720154269120582 0.15274463007159905 0.055969146175883444 0.12649164677804295
0 0.8823272991628155 0.17124105011933172 0.07377598926894702 0.1276849642004773
0 0.8793091905109041 0.9445107398568019 0.07712944332662641 0.11097852028639621
0 0.8605298477878993 0.7279236276849642 0.07042253521126762 0.12171837708830546
0 0.6757545292097638 0.8585918854415275 0.07645875251509049 0.14200477326968974
0 0.7039235432942708 0.6390214797136038 0.07645875251509049 0.13723150357995229
0 0.7827297136497369 0.1616945107398568 0.07042253521126762 0.13723150357995229
0 0.7045942341058067 0.20763723150357996 0.07243460764587528 0.14319809069212414
0 0.57213279882747 0.5978520286396181 0.0731052984574112 0.1408114558472554
0 0.561066400437128 0.7315035799522673 0.06706908115358812 0.12410501193317425
0 0.492655937660468 0.7022673031026253 0.06975184439973175 0.13007159904534604
0 0.39775318782814073 0.8227923627684964 0.06908115358819583 0.13961813842482096
0 0.2780348779689858 0.8520286396181385 0.06572769953051641 0.12410501193317425
0 0.3206237445015143 0.7332935560859188 0.07310529845741115 0.1229116945107398
0 0.22102615898843583 0.9278042959427207 0.07109322602280349 0.13007159904534604
0 0.18715627300587379 0.8317422434367542 0.059691482226693515 0.11455847255369922
0 0.24584171901526344 0.5900954653937948 0.06706908115358817 0.10620525059665864
0 0.208618378975022 0.46300715990453456 0.07310529845741112 0.13842482100238657
0 0.6093561388677114 0.4003579952267303 0.061703554661301174 0.1181384248210024
0 0.6234406459099651 0.2971360381861575 0.05633802816901412 0.10739856801909309
0 0.39171697052431775 0.2828162291169451 0.06908115358819583 0.1145584725536993
0 0.36086519319366717 0.13544152744630072 0.06908115358819583 0.1276849642004773
0 0.42592220191264774 0.08353221957040574 0.07042253521126757 0.13842482100238665
0 0.30452716502465316 0.10202863961813843 0.05700871898054999 0.10620525059665871
0 0.248524482261407 0.2822195704057279 0.06572769953051641 0.13245823389021483
0 0.11908115563498176 0.3532219570405728 0.07109322602280348 0.1288782816229117
