0 0.4705231408797839 0.9731503579952268 0.06304493628437291 0.05369928400954649
0 0.4044600959434995 0.9624105011933175 0.07176391683433936 0.0751789976133651
0 0.6274647907791803 0.9570405727923628 0.09657947686116697 0.08591885441527447
0 0.9810697528677927 0.9087112171837708 0.037860494264414624 0.1348448687350835
0 0.9393360181433654 0.8729116945107398 0.07377598926894702 0.12529832935560858
0 0.9683266274486109 0.6748210023866348 0.06334674510277816 0.113365155131265
0 0.9706740452889866 0.6181384248210025 0.058651909422026915 0.1312649164677805
0 0.9487256895048677 0.5005966587112172 0.07511737089201886 0.13961813842482096
0 0.9693326636659148 0.3383054892601432 0.0613346726681705 0.12768496420047737
0 0.9269282381299515 0.0883054892601432 0.07042253521126762 0.12410501193317423
0 0.8497987948033252 0.09725536992840095 0.0663983903420523 0.12291169451073986
0 0.7780348779689858 0.05369928400954654 0.06773977196512415 0.10739856801909307
0 0.8628772656282748 0.7171837708830548 0.07377598926894702 0.14319809069212408
0 0.771327969853627 0.7816229116945108 0.06908115358819589 0.12410501193317425
0 0.7330985935960816 0.6020286396181385 0.06371562709590883 0.12052505966587113
0 0.5436284393371951 0.5847255369928401 0.0764587525150906 0.14558472553699287
0 0.7404761925229764 0.42601431980906923 0.06505700871898057 0.11933174224343673
0 0.7797116049978254 0.3060859188544153 0.07377598926894702 0.13723150357995229
0 0.7123071784384694 0.25477326968973746 0.07981220657277 0.1467780429594272
0 0.680449364890515 0.2094272076372315 0.06036217303822944 0.12052505966587113
0 0.6184104648234459 0.13663484486873506 0.07712944332662641 0.13245823389021477
0 0.5168008068757598 0.13305489260143197 0.06841046277666002 0.11813842482100238
0 0.44336016301258074 0.5668257756563246 0.06371562709590878 0.1288782816229116
0 0.3796445359166719 0.6336515513126492 0.09322602280348757 0.15751789976133646
0 0.20727699735195024 0.40393794749403344 0.07712944332662641 0.14439140811455847
0 0.32028839909574636 0.5244630071599046 0.054996646545942274 0.09904534606205251
0 0.16569416703672557 0.9140811455847255 0.06371562709590878 0.12171837708830546
0 0.18782696381740965 0.8072792362768497 0.06505700871898054 0.12291169451073991
0 0.23008048494417022 0.7159904534606205 0.07176391683433936 0.12410501193317425
0 0.208618378975022 0.6026252983293556 0.07176391683433936 0.13842482100238662
0 0.157645877298295 0.5244630071599046 0.06773977196512407 0.12052505966587118
0 0.09393025020238618 0.5077565632458234 0.06773977196512408 0.12052505966587113
0 0.10801475724463971 0.3926014319809069 0.06371562709590878 0.12171837708830546
0 0.07615694369668533 0.3866348448687351 0.06438631790744466 0.10501193317422436
0 0.0808517793774365 0.28042959427207637 0.07780013413816231 0.12649164677804292
0 0.22773306710379465 0.045942720763723154 0.07243460764587528 0.09188544152744631
0 0.18883300003471348 0.10560859188544153 0.06572769953051644 0.12291169451073986
0 0.18782696381740965 0.27684964200477324 0.055667337357478225 0.1026252983293556
0 0.23511066603068934 0.27267303102625295 0.06572769953051644 0.13245823389021477
0 0.3997652602627484 0.05548926014319809 0.0677397719651241 0.11097852028639618
0 0.3363849785726075 0.12291169451073986 0.06706908115358823 0.11217183770883055
0 0.4353118732741501 0.21539379474940334 0.06773977196512404 0.11575178997613367
0 0.43832998192606154 0.40990453460620524 0.06170355466130112 0.11336515513126488
0 0.5094232079488651 0.46957040572792363 0.07377598926894696 0.12291169451073986
0 0.49433266468930775 0.8920047732696897 0.059691482226693515 0.11097852028639621
0 0.5533534561044653 0.8287589498806682 0.06371562709590883 0.12052505966587113
0 0.5013749182104345 0.7613365155131264 0.05902079141515765 0.10739856801909309
