0 0.9860999339543118 0.8914081145584726 0.02780013209137633 0.16229116945107402
0 0.9783869896216492 0.03758949880668258 0.04322602075670168 0.07517899761336516
0 0.9259222019126477 0.7004773269689737 0.06841046277665996 0.12171837708830557
0 0.9631455419528892 0.4779236276849642 0.059691482226693515 0.11336515513126494
0 0.8528169034552366 0.23389021479713604 0.07780013413816222 0.13126491646778043
0 0.8316901428918564 0.46718377088305485 0.06505700871898057 0.1276849642004773
0 0.6546277686463835 0.9051312649164678 0.0731052984574112 0.13007159904534604
0 0.03036552751568002 0.9045346062052506 0.06073105503136004 0.13365155131264916
0 0.1415492978214338 0.8490453460620525 0.07847082494969819 0.14439140811455853
0 0.03237759995028766 0.49761336515513127 0.06475519990057532 0.116945107398568
0 0.09191817776777855 0.24761336515513127 0.06639839034205232 0.11813842482100237
0 0.12612340915610853 0.1801909307875895 0.054325955734406434 0.116945107398568
0 0.1284708269964841 0.4743436754176611 0.07243460764587525 0.15393794749403344
0 0.4950033555008436 0.3454653937947494 0.0731052984574112 0.12529832935560858
0 0.6351777351118428 0.3573985680190931 0.0663983903420523 0.12291169451073986
0 0.5821931610005082 0.4785202863961814 0.0663983903420523 0.12171837708830546
0 0.7267270308864908 0.26312649164677804 0.07377598926894702 0.1324582338902148
