0 0.03774312644257472 0.9636038186157518 0.07548625288514944 0.07279236276849643
0 0.964822268981729 0.9194510739856803 0.0697518443997317 0.12768496420047726
0 0.5774983253197571 0.8060859188544153 0.05700871898054993 0.10143198090692129
0 0.9487256895048677 0.5059665871121719 0.07377598926894702 0.13365155131264916
0 0.8501341402090932 0.36455847255369933 0.07377598926894702 0.1276849642004773
0 0.6150570107657665 0.19391408114558473 0.06505700871898057 0.13007159904534604
0 0.6063380302158 0.32100238663484487 0.06371562709590872 0.13365155131264916
0 0.09661301344852974 0.028639618138424822 0.07176391683433939 0.057279236276849645
0 0.38802817106087045 0.19331742243436756 0.07377598926894702 0.12171837708830549
0 0.2575788082171414 0.6903341288782816 0.07578806170355468 0.13007159904534604
