0 0.7136485600615411 0.9659904534606205 0.07176391683433936 0.06801909307875897
0 0.979057680433185 0.7690930787589498 0.04188463913362994 0.12529832935560858
0 0.7535546633479262 0.8884248210023866 0.07377598926894702 0.15393794749403344
0 0.5080818263257934 0.7768496420047732 0.07377598926894702 0.1408114558472554
0 0.022987928588785317 0.9337708830548925 0.045975857177570634 0.13245823389021483
0 0.10264923075235266 0.8526252983293556 0.08115358819584173 0.14916467780429588
0 0.13417169889453912 0.7106205250596659 0.07578806170355468 0.13961813842482096
0 0.49232059225470004 0.6581145584725536 0.06773977196512404 0.13961813842482107
0 0.5982897404773694 0.5256563245823389 0.07176391683433936 0.12768496420047737
0 0.7391348108999046 0.5662291169451075 0.07847082494969815 0.149164677804296
0 0.8383970510072152 0.565035799522673 0.06773977196512404 0.12768496420047737
0 0.8129108001688516 0.3001193317422435 0.07981220657277 0.14439140811455847
0 0.7173373595249886 0.22136038186157517 0.08853118712273644 0.14439140811455847
0 0.6083501026504077 0.3532219570405728 0.07712944332662641 0.15513126491646778
0 0.498356809558523 0.19212410501193317 0.07847082494969815 0.13603818615751792
0 0.3256539255880334 0.09904534606205251 0.06572769953051638 0.12649164677804298
0 0.36187122941097105 0.3937947494033413 0.07645875251509054 0.13365155131264916
0 0.0915828323620106 0.29892601431980903 0.0670690811535882 0.11097852028639615
0 0.18916834544048144 0.168854415274463 0.13212608987256874 0.2279236276849642
