0 0.014268948038818851 0.4486873508353222 0.028537896077637702 0.12410501193317419
0 0.01829309290803414 0.3060859188544153 0.03658618581606828 0.12529832935560858
0 0.6720657297463164 0.30071599045346065 0.06103286384976525 0.10978520286396182
0 0.6925217994981608 0.18556085918854415 0.06438631790744465 0.1276849642004773
0 0.7988262931265981 0.16766109785202865 0.08115358819584173 0.13484486873508353
0 0.8497987948033252 0.45525059665871126 0.0731052984574111 0.1300715990453461
0 0.9084842408127148 0.3752983293556086 0.07109322602280344 0.12052505966587113
0 0.8303487612687845 0.5525059665871122 0.059691482226693515 0.10739856801909314
0 0.9554325976202266 0.6837708830548925 0.057679409792085856 0.10739856801909309
0 0.66334674919635 0.9606205250596659 0.07176391683433936 0.07875894988066823
0 0.7502012092902467 0.9081145584725537 0.08316566063044939 0.13842482100238662
0 0.5275318598603339 0.9439140811455847 0.07109322602280349 0.10739856801909298
0 0.03304829076182354 0.8920047732696897 0.06609658152364709 0.11336515513126488
0 0.12444668212726881 0.9194510739856803 0.05767940979208584 0.12529832935560858
0 0.03524480419299652 0.590692124105012 0.0630449362843729 0.13365155131264916
0 0.06073105503136003 0.10799522673031026 0.07377598926894702 0.1324582338902148
0 0.4047954413492675 0.08233890214797136 0.06841046277665996 0.11933174224343676
0 0.214319250873077 0.34606205250596656 0.07243460764587523 0.12649164677804298
0 0.3196177082842105 0.7392601431980907 0.06841046277665996 0.12291169451073991
0 0.44839034409909984 0.5662291169451075 0.07645875251509054 0.14200477326968974
0 0.5516767290756256 0.4301909307875895 0.06841046277665996 0.12529832935560858
0 0.7196847773653641 0.6223150357995226 0.06371562709590872 0.1109785202863961
0 0.6891683454404814 0.7517899761336515 0.061703554661301174 0.13365155131264916
