0 0.010244803169603559 0.9498806682577565 0.020489606339207118 0.10023866348448685
0 0.9309523829991668 0.9289976133651552 0.07176391683433936 0.12768496420047726
0 0.7555667357825337 0.9003579952267303 0.07377598926894702 0.13245823389021472
0 0.8474513769629496 0.633054892601432 0.06438631790744465 0.1229116945107398
0 0.8316901428918564 0.2911694510739857 0.06908115358819578 0.1288782816229117
0 0.7133132146557732 0.08770883054892602 0.06170355466130106 0.10859188544152745
0 0.7156606324961488 0.22971360381861577 0.0556673373574782 0.10381861575179
0 0.7344399752191535 0.37231503579952263 0.07042253521126762 0.12649164677804298
0 0.40781355000117897 0.587708830548926 0.07176391683433936 0.12768496420047726
0 0.28172367743243315 0.9069212410501193 0.06773977196512407 0.116945107398568
0 0.025000001023392962 0.6426014319809069 0.050000002046785924 0.12768496420047737
0 0.03304829076182354 0.1628878281622912 0.06609658152364709 0.13245823389021483
0 0.08755868749279531 0.41766109785202865 0.06975184439973173 0.14081145584725535
0 0.2830650590555049 0.22016706443914083 0.07578806170355465 0.13961813842482101
0 0.40546613216080335 0.16766109785202865 0.07511737089201875 0.13007159904534607
0 0.5235077149911186 0.44570405727923623 0.06841046277665996 0.12052505966587107
