0 0.02801810967530443 0.9236276849642004 0.05603621935060886 0.12649164677804292
0 0.18715627300587379 0.7517899761336515 0.0677397719651241 0.116945107398568
0 0.05033534745255387 0.4647971360381862 0.06908115358819585 0.1300715990453461
0 0.0603957096255921 0.6073985680190931 0.08651911468812877 0.14797136038186154
0 0.24215291955181611 0.7147971360381862 0.06639839034205233 0.12410501193317425
0 0.13651911673491468 0.5829355608591885 0.05633802816901409 0.1229116945107398
0 0.191515763280857 0.3031026252983294 0.07109322602280349 0.12649164677804295
0 0.4943326646893077 0.2243436754176611 0.06908115358819583 0.13365155131264916
0 0.5768276345082213 0.06980906921241051 0.0731052984574111 0.13007159904534607
0 0.6140509745484627 0.21718377088305488 0.06841046277665996 0.11933174224343673
0 0.6190811556349818 0.886038186157518 0.07176391683433936 0.13961813842482107
0 0.6677062394713331 0.7690930787589498 0.07780013413816234 0.12529832935560858
0 0.9581153608663701 0.7804295942720764 0.07511737089201875 0.12171837708830546
0 0.9780516442158812 0.17362768496420047 0.0438967115682376 0.11575178997613365
0 0.8726022823955452 0.3705250596658711 0.07444668008048283 0.1348448687350835
0 0.7233735768288114 0.5489260143198091 0.07109322602280344 0.13365155131264916
0 0.8290073796457129 0.9069212410501193 0.059691482226693515 0.11933174224343668
