2 0.873272973207081 0.9015513126491648 0.06103286384976536 0.14200477326968974
2 0.8840040261916551 0.34069212410501193 0.059691482226693515 0.11336515513126488
2 0.6760898746155317 0.1766109785202864 0.06773977196512404 0.14319809069212408
1 0.5835345426235801 0.4439140811455847 0.07042253521126762 0.11694510739856806
2 0.13417169889453912 0.8776849642004774 0.061032863849765265 0.12768496420047726
2 0.17240107515208436 0.538782816229117 0.06773977196512407 0.12529832935560864
1 0.02835345508107237 0.6676610978520287 0.05670691016214474 0.13007159904534604
1 0.2579141536229093 0.805489260143198 0.07243460764587525 0.12410501193317425
2 0.5007042273988986 0.8824582338902147 0.0643863179074447 0.11813842482100234
1 0.4819248846758939 0.6825775656324582 0.06706908115358817 0.13365155131264916
2 0.4178739121742172 0.3752983293556086 0.05969148222669346 0.11575178997613367
1 0.20057008923659142 0.3329355608591885 0.07042253521126762 0.12649164677804298
