0 0.9841149855029676 0.034482758620689655 0.03177002899406489 0.06896551724137931
0 0.9325710562772529 0.041379310344827586 0.07131782945736442 0.08275862068965517
0 0.8705555524012839 0.06137931034482759 0.08217054263565893 0.12275862068965518
0 0.9341214438741521 0.9482758620689655 0.07131782945736431 0.10344827586206895
0 0.932183459378028 0.8358620689655172 0.06124031007751929 0.10206896551724143
0 0.9674483188363009 0.6972413793103448 0.06510336232739822 0.13655172413793104
0 0.8651291958121367 0.4386206896551724 0.07596899224806197 0.1324137931034483
0 0.860478033021439 0.556551724137931 0.07131782945736431 0.13103448275862062
0 0.6015633043392683 0.7227586206896551 0.06201550387596899 0.1296551724137931
0 0.5379974128664002 0.8048275862068965 0.06201550387596899 0.11172413793103453
0 0.5042764826338421 0.9268965517241379 0.06279069767441858 0.12137931034482763
0 0.25195090123849323 0.950344827586207 0.06976744186046513 0.09931034482758616
0 0.2802454748819041 0.7117241379310345 0.0674418604651163 0.12413793103448278
0 0.1686175679051599 0.5944827586206897 0.05968992248062016 0.09931034482758627
0 0.047687335347020354 0.5337931034482759 0.058139534883720936 0.09379310344827585
0 0.01357234984405281 0.40068965517241384 0.02714469968810562 0.12551724137931036
0 0.5387726066648497 0.037241379310344824 0.06976744186046513 0.07448275862068965
0 0.6841214438741521 0.14551724137931035 0.07674418604651156 0.12000000000000001
0 0.7031136919361676 0.28620689655172415 0.07596899224806208 0.13379310344827583
0 0.6414857849594235 0.403448275862069 0.07519379844961238 0.13103448275862067
0 0.12171834309895832 0.1696551724137931 0.08062015503875967 0.1103448275862069
0 0.2829586531764777 0.3096551724137931 0.06666666666666668 0.12
0 0.3120284206183382 0.41172413793103446 0.07519379844961238 0.1227586206896552
0 0.3868346221687258 0.4524137931034483 0.07596899224806197 0.14344827586206904
0 0.49264857565709785 0.33655172413793105 0.06434108527131777 0.12689655172413794
0 0.5236563275950823 0.33448275862068966 0.059689922480620106 0.1255172413793103
