0 0.6455734426906491 0.017899761336515514 0.06036217303822933 0.03579952267303103
0 0.9611334695182816 0.8562052505966586 0.07444668008048294 0.1348448687350835
0 0.9581153608663702 0.8991646778042959 0.0697518443997317 0.12529832935560858
0 0.6895036908462494 0.8997613365155132 0.06773977196512404 0.1288782816229117
0 0.668376930282869 0.5751789976133652 0.0697518443997317 0.116945107398568
0 0.6599932951386707 0.6951073985680191 0.07712944332662641 0.13007159904534604
0 0.8196177082842104 0.565035799522673 0.06103286384976525 0.12052505966587113
0 0.908148895406947 0.45823389021479716 0.07042253521126762 0.12410501193317425
0 0.9651576143874969 0.07159904534606205 0.06505700871898046 0.11455847255369929
0 0.8883635164666384 0.24403341288782815 0.07243460764587528 0.1443914081145585
0 0.6318242810541636 0.4779236276849642 0.06773977196512404 0.12768496420047737
0 0.5996311221004411 0.85381861575179 0.06237424547283699 0.12768496420047737
0 0.6911804178750891 0.3824582338902148 0.06572769953051638 0.11575178997613361
0 0.5899061053331709 0.2213603818615752 0.06975184439973181 0.13007159904534607
0 0.2632796801151964 0.04713603818615752 0.06975184439973175 0.09427207637231504
0 0.09292421398508237 0.038782816229116945 0.05902079141515762 0.07756563245823389
0 0.4071428591896431 0.6742243436754176 0.06237424547283704 0.11217183770883055
0 0.13316566267723529 0.9313842482100239 0.06706908115358819 0.13007159904534604
0 0.20124078004812732 0.8633651551312649 0.06103286384976525 0.11575178997613367
0 0.29882629312659814 0.6563245823389021 0.07243460764587528 0.13365155131264916
0 0.11539235617153443 0.5017899761336515 0.05566733735747821 0.10143198090692124
0 0.146244133502185 0.4069212410501193 0.06773977196512408 0.11455847255369928
0 0.21465459627884495 0.49821002386634844 0.06371562709590878 0.12529832935560858
