0 0.10097250372351296 0.8908114558472553 0.07780013413816231 0.1825775656324583
0 0.3199530536899784 0.7846062052505967 0.07578806170355468 0.13245823389021472
0 0.15228035080600794 0.9522673031026253 0.07847082494969818 0.09546539379474939
0 0.18883300003471348 0.45704057279236276 0.06975184439973173 0.12649164677804298
0 0.3149228726034593 0.32159904534606204 0.057679409792085856 0.12052505966587113
0 0.1559691502694553 0.22613365155131265 0.06975184439973173 0.13007159904534607
0 0.7391348108999046 0.6181384248210025 0.0731052984574112 0.13603818615751784
0 0.697216635178912 0.5244630071599046 0.06438631790744465 0.1300715990453461
0 0.6576458772982949 0.6414081145584725 0.07645875251509049 0.1348448687350835
0 0.8477867223687175 0.45047732696897375 0.09725016767270289 0.17541766109785206
