0 0.912843731087698 0.42362768496420045 0.07042253521126762 0.12649164677804298
0 0.9151911489280737 0.9558472553699284 0.0697518443997317 0.08830548926014314
0 0.967655936637075 0.824582338902148 0.06468812672584989 0.1408114558472554
0 0.8863514440320307 0.7577565632458234 0.07511737089201875 0.13603818615751795
0 0.3638833018455787 0.9367541766109786 0.07780013413816228 0.12649164677804292
0 0.4031187143204278 0.9146778042959427 0.06908115358819583 0.13245823389021483
0 0.36120053859943513 0.7929594272076372 0.07914151576123407 0.12768496420047737
0 0.5647551999005753 0.5918854415274464 0.06371562709590872 0.12410501193317425
0 0.6096914842734794 0.8347255369928401 0.08920187793427226 0.15632458233890212
0 0.7491951730729429 0.6748210023866348 0.09188464118041584 0.15393794749403333
0 0.8350435969495358 0.684964200477327 0.0731052984574111 0.11933174224343679
0 0.8092220007054043 0.41945107398568016 0.0764587525150906 0.1276849642004773
0 0.8149228726034593 0.3072792362768496 0.07847082494969815 0.14439140811455847
0 0.5000335365873627 0.3299522673031026 0.08584842387659286 0.15155131264916466
0 0.46415157817019304 0.19868735083532219 0.08786049631120058 0.1443914081145585
0 0.543963784742963 0.1467780429594272 0.07981220657276988 0.13365155131264916
0 0.44704896247602804 0.023269689737470168 0.07780013413816234 0.046539379474940336
0 0.24248826495758402 0.2064439140811456 0.07780013413816231 0.15035799522673032
0 0.2917840396054714 0.1509546539379475 0.07310529845741115 0.11813842482100238
0 0.19252179949816084 0.053102625298329355 0.07444668008048289 0.10620525059665871
0 0.03807847184834266 0.31324582338902146 0.07615694369668533 0.14200477326968972
0 0.10935613886771148 0.4916467780429594 0.08249496981891348 0.1599045346062053
0 0.1700536573117088 0.6515513126491647 0.0818242790073776 0.14558472553699287
0 0.24818913685563904 0.4964200477326969 0.07712944332662641 0.14319809069212414
0 0.20358819788850288 0.3550119331742243 0.07109322602280349 0.11336515513126494
0 0.452749834374083 0.3615751789976134 0.07310529845741115 0.12649164677804298
0 0.4728705587201595 0.5501193317422435 0.12139503688799458 0.2124105011933174
0 0.059725018814056216 0.9015513126491647 0.059691482226693494 0.10143198090692129
0 0.03472501779066325 0.9624105011933175 0.0694500355813265 0.0751789976133651
