0 0.5412810214968194 0.0256563245823389 0.09322602280348757 0.0513126491646778
0 0.7575788082171413 0.046539379474940336 0.0523138832997988 0.09307875894988067
0 0.872937627801313 0.961217183770883 0.06572769953051638 0.07756563245823389
0 0.6797786740789791 0.9546539379474941 0.06841046277665996 0.09069212410501193
0 0.7984909477208302 0.9260143198090691 0.0523138832997988 0.116945107398568
0 0.8585177753532917 0.7810262529832936 0.05700871898054993 0.11575178997613367
0 0.7991616385323661 0.5280429594272077 0.0697518443997317 0.1300715990453461
0 0.7123071784384694 0.6008353221957041 0.06505700871898057 0.113365155131265
0 0.6311535902426276 0.8400954653937948 0.07578806170355468 0.12410501193317414
0 0.5768276345082213 0.7547732696897375 0.07444668008048294 0.13245823389021472
0 0.5778336707255249 0.5936754176610979 0.06706908115358823 0.12529832935560858
0 0.5053990630796498 0.5477326968973747 0.061703554661301174 0.12410501193317419
0 0.5030516452392741 0.6742243436754176 0.06371562709590883 0.11217183770883055
0 0.3397384326302869 0.7458233890214797 0.06706908115358817 0.13842482100238662
0 0.19855801680198376 0.714200477326969 0.07176391683433939 0.12052505966587113
0 0.1445674064733453 0.5584725536992841 0.06841046277665998 0.116945107398568
0 0.06978538098709444 0.48568019093078757 0.07176391683433936 0.152744630071599
0 0.059054328002520334 0.27505966587112174 0.07847082494969819 0.1252983293556086
0 0.17441314758669202 0.3353221957040573 0.0704225352112676 0.11933174224343673
0 0.21901408655382817 0.22732696897374705 0.06170355466130112 0.1252983293556086
0 0.2810529866208973 0.13663484486873506 0.06908115358819583 0.13007159904534604
0 0.32531858018226545 0.04474940334128878 0.07712944332662641 0.08949880668257756
0 0.3937290429589254 0.060859188544152745 0.06505700871898057 0.12171837708830549
0 0.3970824970166048 0.19272076372315036 0.08383635144198526 0.1276849642004773
0 0.48226023008166186 0.2852028639618138 0.07444668008048289 0.11455847255369928
0 0.5352448041929965 0.18198090692124103 0.07981220657276994 0.1348448687350835
0 0.5781690161312929 0.1360381861575179 0.0663983903420523 0.11933174224343676
0 0.7203554681769 0.045346062052505964 0.059691482226693515 0.09069212410501193
0 0.7874245493304881 0.28878281622911695 0.06773977196512404 0.12410501193317425
0 0.146244133502185 0.03937947494033413 0.07176391683433937 0.07875894988066826
0 0.05972501881405621 0.06264916467780429 0.06773977196512407 0.12529832935560858
0 0.9561032884317624 0.28579952267303105 0.07780013413816234 0.14200477326968977
0 0.44704896247602804 0.042362768496420046 0.07511737089201875 0.08472553699284009
0 0.24315895576911992 0.15274463007159905 0.06572769953051644 0.11455847255369929
0 0.3192823628784425 0.16467780429594273 0.06773977196512404 0.13126491646778043
