0 0.011586184792675322 0.7875894988066825 0.023172369585350645 0.14319809069212408
0 0.029694836704144134 0.9600238663484486 0.05938967340828827 0.07995226730310268
0 0.28373574986704075 0.9081145584725537 0.0704225352112676 0.11933174224343679
0 0.322635816936122 0.9636038186157518 0.06908115358819583 0.07279236276849643
0 0.3923876613358537 0.9618138424821002 0.07176391683433936 0.07637231503579955
0 0.6070087210273358 0.9516706443914081 0.07578806170355457 0.09665871121718372
0 0.5557008739448409 0.9164677804295942 0.06841046277665996 0.12410501193317425
0 0.612709592925391 0.7929594272076372 0.07243460764587517 0.12052505966587113
0 0.8367203239783755 0.9463007159904535 0.07109322602280344 0.10739856801909309
0 0.9493963803164036 0.9815035799522673 0.06036217303822933 0.03699284009546544
0 0.8709255553667055 0.7953460620525059 0.0764587525150906 0.13245823389021483
0 0.9557679430259944 0.6443914081145585 0.07847082494969826 0.13842482100238673
0 0.5114352803834727 0.7064439140811456 0.07780013413816228 0.11933174224343679
0 0.5969483588542976 0.6545346062052506 0.07042253521126762 0.11575178997613367
0 0.6750838383982278 0.711217183770883 0.07109322602280355 0.13126491646778038
0 0.9656438642024674 0.29653937947494036 0.06871227159506521 0.1252983293556086
0 0.974027499346666 0.23031026252983294 0.051945001306668126 0.12649164677804295
0 0.8115694185457799 0.33233890214797135 0.07176391683433936 0.13007159904534604
0 0.7414822287402802 0.47553699284009543 0.06841046277665996 0.12052505966587107
0 0.5946009410139221 0.5035799522673031 0.07511737089201886 0.1336515513126491
0 0.566767272335183 0.285799522673031 0.06908115358819589 0.1276849642004773
0 0.5862173058697235 0.3711217183770883 0.07176391683433936 0.12410501193317425
0 0.7622736438978925 0.23568019093078757 0.057679409792085856 0.10381861575178994
0 0.8866867894377987 0.2714797136038186 0.06773977196512404 0.13723150357995229
0 0.9309523829991668 0.04474940334128878 0.0731052984574111 0.08949880668257756
0 0.6791079832674431 0.04355608591885442 0.07243460764587517 0.08711217183770883
0 0.5432930939314271 0.028042959427207637 0.07042253521126751 0.05608591885441527
0 0.4708584862855518 0.0883054892601432 0.06505700871898051 0.11933174224343675
0 0.3856807532204949 0.35143198090692124 0.07310529845741115 0.13723150357995229
0 0.33269617910916016 0.49701670644391405 0.06505700871898057 0.1181384248210024
0 0.3712609007724734 0.5011933174224343 0.06572769953051644 0.12171837708830546
0 0.36522468346865045 0.613961813842482 0.06841046277665996 0.13245823389021483
0 0.30620389205349285 0.7935560859188544 0.0643863179074447 0.11455847255369922
0 0.22136150439420377 0.8293556085918854 0.07176391683433936 0.12410501193317425
0 0.1667002032540294 0.6963007159904535 0.06572769953051641 0.12052505966587113
0 0.14054326160413 0.6115751789976134 0.0710932260228035 0.13723150357995229
0 0.21364856006154112 0.5542959427207637 0.06841046277665996 0.12768496420047726
0 0.29279007582277516 0.2571599045346062 0.06841046277665991 0.12768496420047734
0 0.3840040261916552 0.17780429594272076 0.07109322602280349 0.12171837708830548
0 0.3424211958764305 0.0775656324582339 0.06975184439973175 0.12649164677804298
0 0.27434607850553844 0.1575178997613365 0.06773977196512407 0.12649164677804298
0 0.15261569621177587 0.2959427207637232 0.07109322602280349 0.12171837708830552
0 0.06877934476979061 0.347255369928401 0.07645875251509054 0.1360381861575179
0 0.12310530050419705 0.3383054892601432 0.06036217303822937 0.12052505966587113
0 0.18581489138280202 0.035202863961813845 0.06371562709590878 0.07040572792362769
0 0.013262911821515028 0.017899761336515514 0.026525823643030057 0.03579952267303103
0 0.04698189339487446 0.13007159904534607 0.05835010060362174 0.10978520286396182
