0 0.5583836371909845 0.024463007159904536 0.05633802816901412 0.04892601431980907
0 0.7052649249173426 0.9618138424821002 0.07377598926894702 0.07637231503579955
0 0.9453722354471883 0.9433174224343676 0.07645875251509049 0.11336515513126488
0 0.7901073125766317 0.7249403341288783 0.06505700871898057 0.11575178997613367
0 0.8910462797127819 0.6795942720763724 0.06841046277665996 0.13245823389021483
0 0.6358484259233788 0.6372315035799523 0.07712944332662641 0.13603818615751795
0 0.7206908135826678 0.665871121718377 0.07511737089201875 0.1288782816229116
0 0.78876593095356 0.5232696897374701 0.06773977196512415 0.1276849642004773
0 0.936317909491454 0.3299522673031026 0.07042253521126762 0.13723150357995229
0 0.822300471530354 0.20465393794749404 0.07176391683433936 0.13723150357995229
0 0.7009054346423593 0.2458233890214797 0.07042253521126762 0.1288782816229117
0 0.6013078491292809 0.3573985680190931 0.06841046277665996 0.12052505966587113
0 0.5624077820601998 0.5041766109785203 0.08048289738430581 0.13007159904534604
0 0.47622401277783893 0.7309069212410502 0.06371562709590883 0.10859188544152742
0 0.45409121599715485 0.4540572792362768 0.0784708249496982 0.1276849642004773
0 0.3149228726034593 0.7637231503579953 0.06438631790744465 0.116945107398568
0 0.19755198058467993 0.8466587112171837 0.0670690811535882 0.12291169451073991
0 0.7361167022479931 0.3096658711217184 0.0697518443997317 0.1252983293556086
0 0.8856807532204949 0.23806682577565633 0.06841046277665996 0.13484486873508356
0 0.7273977216980267 0.43735083532219565 0.07377598926894702 0.12291169451073986
0 0.4490610349106357 0.19331742243436756 0.05902079141515759 0.10739856801909306
0 0.265627097955572 0.30727923627684967 0.07712944332662644 0.1515513126491647
0 0.19084507246932114 0.03281622911694511 0.07243460764587525 0.06563245823389022
0 0.05234741988716151 0.15930787589498807 0.07712944332662643 0.1348448687350835
0 0.022652583183017376 0.07696897374701671 0.04530516636603475 0.13007159904534607
0 0.02801810967530443 0.4659904534606205 0.05603621935060886 0.1229116945107398
0 0.1063380302158 0.8048926014319808 0.07243460764587525 0.13245823389021483
