0 0.9379946365202936 0.17482100238663484 0.07511737089201886 0.13723150357995229
0 0.828336688834177 0.7935560859188544 0.07444668008048294 0.1408114558472553
0 0.7478537914498711 0.7350835322195703 0.07444668008048294 0.13603818615751784
0 0.7149899416846128 0.47911694510739855 0.0838363514419852 0.1467780429594272
0 0.029024145892608252 0.7171837708830548 0.058048291785216505 0.13842482100238662
0 0.15999329513867055 0.6408114558472553 0.07511737089201878 0.13365155131264916
0 0.28809524014202403 0.7637231503579953 0.08450704225352115 0.14319809069212408
0 0.4711938316913198 0.8794749403341289 0.08316566063044939 0.1431980906921242
0 0.5882293783043312 0.9737470167064439 0.06505700871898057 0.05250596658711215
0 0.9021126781031239 0.07935560859188545 0.07981220657276988 0.1515513126491647
0 0.4520791435625472 0.16467780429594273 0.0784708249496982 0.11694510739856802
0 0.33604963316683956 0.5071599045346062 0.07444668008048289 0.11933174224343679
0 0.03304829076182354 0.4743436754176611 0.06609658152364709 0.13484486873508356
0 0.03573105400796708 0.06324582338902147 0.07146210801593415 0.12649164677804295
0 0.30217974718427754 0.12291169451073986 0.07511737089201875 0.1360381861575179
0 0.3987592240454445 0.06324582338902147 0.0643863179074447 0.11694510739856802
0 0.4802481576470542 0.045942720763723154 0.07444668008048289 0.09188544152744631
0 0.6298122086195559 0.256563245823389 0.07444668008048283 0.13842482100238662
0 0.6938631811212326 0.23747016706443913 0.06304493628437291 0.12410501193317422
