0 0.845103959122574 0.05250596658711217 0.0663983903420523 0.10501193317422435
0 0.9797283712447209 0.9182577565632458 0.040543257510558095 0.1229116945107398
0 0.8253185801822654 0.9630071599045347 0.07511737089201875 0.07398568019093077
0 0.8937290429589255 0.681980906921241 0.07377598926894702 0.1229116945107398
0 0.8722669369897772 0.5489260143198091 0.07780013413816222 0.12410501193317425
0 0.8434272320937344 0.19689737470167065 0.07377598926894702 0.12171837708830552
0 0.8370556693841433 0.318019093078759 0.07042253521126762 0.12291169451073986
0 0.36757210130902607 0.8484486873508353 0.07310529845741115 0.11455847255369922
0 0.29580818447468665 0.8066825775656326 0.0663983903420523 0.13365155131264916
0 0.22270288601727553 0.8955847255369929 0.07310529845741115 0.14200477326968974
0 0.2535546633479261 0.6366348448687351 0.07176391683433936 0.1348448687350835
0 0.22203219520573964 0.35023866348448685 0.07444668008048291 0.13961813842482101
0 0.13215962645993146 0.4600238663484487 0.06908115358819583 0.1300715990453461
0 0.6760898746155317 0.448090692124105 0.07176391683433936 0.13007159904534604
0 0.924916165695344 0.23747016706443913 0.06773977196512404 0.13126491646778046
0 0.7136485600615411 0.15930787589498807 0.06505700871898057 0.11097852028639617
0 0.5074111355142574 0.1360381861575179 0.07243460764587528 0.13126491646778043
0 0.4161971851453775 0.22613365155131265 0.07243460764587523 0.139618138424821
0 0.0637491636832715 0.08651551312649165 0.06237424547283702 0.11336515513126492
0 0.08185781559474031 0.256563245823389 0.07847082494969819 0.13603818615751792
