0 0.958786051677906 0.018496420047732696 0.06438631790744465 0.03699284009546539
0 0.7461770644210314 0.7309069212410502 0.06572769953051649 0.12052505966587113
0 0.7931254212285431 0.6891408114558473 0.06572769953051649 0.1229116945107398
0 0.7418175741460482 0.3233890214797136 0.07042253521126762 0.12649164677804292
0 0.6740778021809242 0.45823389021479716 0.0731052984574111 0.1312649164677805
0 0.8055332012419569 0.3949880668257757 0.07176391683433936 0.11933174224343673
0 0.5567069101621447 0.27744630071599047 0.07444668008048294 0.13723150357995229
0 0.4326291100280066 0.3735083532219571 0.07042253521126762 0.12649164677804298
0 0.544299130148731 0.041766109785202864 0.07109322602280355 0.08353221957040573
0 0.45811536086637006 0.08591885441527447 0.0677397719651241 0.11217183770883056
0 0.36052984778789926 0.1766109785202864 0.07780013413816234 0.1288782816229117
0 0.2840710952728087 0.028042959427207637 0.06304493628437291 0.05608591885441527
0 0.19486921733853643 0.1026252983293556 0.06841046277665996 0.12171837708830549
0 0.1479208605310247 0.29474940334128874 0.06975184439973173 0.11933174224343673
0 0.18950369084624938 0.7756563245823389 0.06572769953051644 0.11694510739856812
0 0.32967807045724873 0.9027446300715991 0.07377598926894696 0.1348448687350835
0 0.7092890697865579 0.961217183770883 0.06841046277665996 0.07756563245823389
0 0.527196514454566 0.980310262529833 0.05969148222669346 0.039379474940334114
0 0.9897887334177591 0.23747016706443913 0.020422533164481727 0.09546539379474939
