0 0.67474849299246 0.9463007159904535 0.06505700871898057 0.10739856801909309
0 0.6472501697194888 0.7995226730310263 0.0663983903420523 0.116945107398568
0 0.5795103977543647 0.821599045346062 0.07042253521126762 0.12529832935560858
0 0.5117706257892407 0.6664677804295943 0.07444668008048294 0.13007159904534604
0 0.4631455419528892 0.7863961813842482 0.0697518443997317 0.12649164677804292
0 0.5127766620065445 0.8717183770883055 0.056338028169014065 0.11575178997613367
0 0.2592555352459811 0.9582338902147971 0.07645875251509052 0.08353221957040569
0 0.3172702904438349 0.7315035799522673 0.0784708249496982 0.1408114558472554
0 0.373608318612849 0.5823389021479713 0.08249496981891347 0.1408114558472553
0 0.3182763266611387 0.41646778042959426 0.0697518443997317 0.12410501193317425
0 0.19587525355584023 0.4821002386634845 0.07712944332662644 0.1336515513126491
0 0.20593561572887847 0.12231503579952267 0.07444668008048289 0.14439140811455847
0 0.44973172572217157 0.24821002386634844 0.06572769953051638 0.11217183770883055
0 0.6016431945350489 0.3054892601431981 0.07712944332662641 0.1360381861575179
0 0.7079476881634861 0.4289976133651552 0.06572769953051638 0.12291169451073986
0 0.8632126110340428 0.3550119331742243 0.07042253521126762 0.13245823389021477
0 0.05435949232176916 0.32279236276849643 0.07176391683433937 0.12529832935560858
0 0.21498994168461288 0.37171837708830546 0.07645875251509057 0.1420047732696897
0 0.9797283712447209 0.5721957040572792 0.040543257510558095 0.13245823389021483
0 0.9753688809697376 0.16109785202863963 0.049262238060524655 0.11217183770883056
0 0.9777162988101133 0.11694510739856802 0.04456740237977341 0.13365155131264916
0 0.6311535902426277 0.1360381861575179 0.07042253521126762 0.13365155131264916
0 0.4443661992298845 0.47553699284009543 0.07377598926894702 0.13007159904534604
