0 0.6234406459099651 0.8013126491646778 0.06304493628437291 0.11097852028639621
0 0.5298792777007094 0.7971360381861574 0.07578806170355462 0.13365155131264916
0 0.33906774181875105 0.720763723150358 0.06706908115358823 0.13126491646778038
0 0.03506036319643119 0.9403341288782816 0.07012072639286238 0.11933174224343679
0 0.2387994654941367 0.5727923627684964 0.06237424547283704 0.11455847255369922
0 0.051156942673292356 0.34427207637231505 0.10231388534658471 0.18257756563245825
0 0.02768276426953649 0.06384248210023866 0.05536552853907298 0.1276849642004773
0 0.19520456274430437 0.10381861575178997 0.06908115358819583 0.12410501193317422
0 0.43900067273759746 0.18794749403341288 0.07914151576123407 0.1324582338902148
0 0.4973507733412192 0.12828162291169448 0.07377598926894702 0.13007159904534604
0 0.5795103977543647 0.20107398568019091 0.0623742454728371 0.11575178997613364
0 0.8856807532204949 0.03937947494033413 0.07645875251509049 0.07875894988066826
0 0.6784372924559073 0.04892601431980907 0.07109322602280344 0.09785202863961814
0 0.9101609678415545 0.8484486873508353 0.06908115358819589 0.11933174224343679
0 0.8712609007724734 0.5644391408114559 0.06773977196512415 0.10978520286396187
0 0.8075452736765646 0.41109785202863963 0.1468812877263581 0.22792362768496421
