0 0.9854292431427759 0.11157517899761338 0.029141513714448175 0.10143198090692125
0 0.896747151610837 0.09785202863961814 0.06371562709590883 0.11933174224343675
0 0.765291752549804 0.03639618138424821 0.06371562709590883 0.07279236276849642
0 0.640207916198362 0.026252983293556086 0.06706908115358812 0.05250596658711217
0 0.7478537914498711 0.14558472553699284 0.06908115358819589 0.11455847255369928
0 0.7374580838710649 0.3394988066825776 0.07109322602280344 0.12291169451073986
0 0.8880281710608704 0.558472553699284 0.07981220657277 0.1455847255369928
0 0.8293427250514808 0.619928400954654 0.06706908115358812 0.13245823389021483
0 0.8192823628784425 0.8007159904534606 0.06170355466130106 0.12171837708830546
0 0.6469148243137208 0.8890214797136038 0.07511737089201875 0.13842482100238662
0 0.46750503222787243 0.7786396181384247 0.07444668008048283 0.11813842482100234
0 0.48226023008166186 0.6861575178997613 0.07578806170355468 0.13842482100238662
0 0.47219986790862367 0.8657517899761337 0.07176391683433941 0.11813842482100245
0 0.600637158317745 0.7995226730310263 0.06572769953051649 0.12649164677804292
0 0.5429577485256591 0.6133651551312649 0.06841046277665996 0.116945107398568
0 0.588900069115867 0.3490453460620525 0.07712944332662641 0.13245823389021483
0 0.4155264943338416 0.3866348448687351 0.07914151576123407 0.14081145584725535
0 0.20157612545389525 0.9313842482100239 0.06572769953051644 0.11336515513126488
0 0.10097250372351296 0.7070405727923628 0.06841046277665998 0.10859188544152754
0 0.1086854480561756 0.3705250596658711 0.0704225352112676 0.12291169451073986
0 0.31626425422653104 0.6402147971360381 0.06706908115358817 0.13245823389021483
0 0.019299129125337964 0.1426014319809069 0.03859825825067593 0.13961813842482101
0 0.04143192590602207 0.29236276849642007 0.08286385181204414 0.18615751789976134
0 0.0996311221004412 0.22076372315035797 0.07377598926894703 0.13365155131264914
0 0.08789403289856325 0.5763723150357996 0.07847082494969818 0.13365155131264916
0 0.1774312562386035 0.6652744630071599 0.06572769953051641 0.12052505966587113
0 0.4614688149240495 0.4755369928400955 0.05835010060362178 0.09665871121718383
