0 0.046981893394874456 0.9755369928400954 0.08115358819584172 0.04892601431980903
0 0.015610329661890614 0.9224343675417661 0.03122065932378123 0.11694510739856812
0 0.5399396398737477 0.9528639618138425 0.0731052984574112 0.09427207637231505
0 0.8219651261245862 0.6843675417661098 0.06304493628437291 0.11097852028639621
0 0.9700033544774507 0.4146778042959427 0.05999329104509876 0.14200477326968974
0 0.8608651931936673 0.41766109785202865 0.07243460764587517 0.1288782816229117
0 0.9715291770970877 0.07040572792362768 0.04694835680751175 0.09069212410501193
0 0.7361167022479931 0.16348448687350836 0.0697518443997317 0.12649164677804295
0 0.7730046968824666 0.10143198090692124 0.06572769953051638 0.116945107398568
0 0.7679745157959477 0.23269689737470167 0.0663983903420523 0.12649164677804295
0 0.43162307381070275 0.5674224343675418 0.06438631790744465 0.113365155131265
0 0.2978202569092943 0.021479713603818614 0.07578806170355468 0.04295942720763723
0 0.26965124282478725 0.22792362768496421 0.07176391683433936 0.14797136038186157
0 0.029024145892608252 0.27923627684964203 0.058048291785216505 0.1336515513126492
0 0.18514420057126613 0.36217183770883055 0.07176391683433939 0.13245823389021483
