0 0.6848088551654983 0.020883054892601432 0.0731052984574111 0.041766109785202864
0 0.9844232069254721 0.8997613365155132 0.031153586149055834 0.1288782816229117
0 0.9363179094914539 0.9540572792362769 0.06103286384976525 0.09188544152744627
0 0.5899061053331709 0.9755369928400954 0.06975184439973181 0.04892601431980903
0 0.38266264456858334 0.9671837708830548 0.08048289738430586 0.06563245823389019
0 0.6479208605310247 0.9260143198090692 0.0731052984574111 0.13126491646778038
0 0.5919181777677786 0.8609785202863962 0.07243460764587528 0.12768496420047737
0 0.7377934292768329 0.8192124105011933 0.06773977196512404 0.12768496420047737
0 0.5687793447697906 0.6700477326968974 0.06505700871898057 0.12291169451073991
0 0.6321596264599314 0.6121718377088305 0.06572769953051638 0.13365155131264916
0 0.6931924903096967 0.6813842482100239 0.06706908115358823 0.11933174224343679
0 0.8102280369227082 0.668854415274463 0.07176391683433936 0.14439140811455853
0 0.8095573461111722 0.4964200477326969 0.06505700871898057 0.11694510739856806
0 0.9830818253024003 0.3860381861575179 0.033836349395199306 0.12529832935560858
0 0.8726022823955452 0.1807875894988067 0.06371562709590872 0.13245823389021477
0 0.8223004715303539 0.1509546539379475 0.0663983903420523 0.11336515513126492
0 0.7357813568422252 0.3001193317422434 0.06505700871898057 0.11097852028639618
0 0.42826961975302336 0.483890214797136 0.0697518443997317 0.12052505966587107
0 0.5315560047295491 0.383054892601432 0.07377598926894702 0.13365155131264916
0 0.48896713819702065 0.2798329355608592 0.06639839034205236 0.11097852028639621
0 0.4081488954069469 0.026252983293556086 0.06438631790744465 0.05250596658711217
0 0.4363179094914539 0.16348448687350836 0.07109322602280349 0.13842482100238662
0 0.47521797656053505 0.16050119331742244 0.05902079141515759 0.11575178997613367
0 0.373272973207081 0.26312649164677804 0.057679409792085856 0.10143198090692127
0 0.2984909477208302 0.2834128878281623 0.0677397719651241 0.1276849642004773
0 0.3390677418187511 0.441527446300716 0.07109322602280349 0.12410501193317425
0 0.3350435969495358 0.8060859188544153 0.07109322602280349 0.09665871121718372
0 0.2569081174056055 0.8299522673031026 0.07444668008048289 0.13007159904534615
0 0.11773977401190999 0.9689737470167065 0.0630449362843729 0.06205250596658707
0 0.18011401948474703 0.8770883054892602 0.07243460764587525 0.1288782816229116
0 0.2609322622748208 0.6766109785202864 0.0663983903420523 0.12410501193317414
0 0.05771294637944857 0.6068019093078759 0.07042253521126761 0.08472553699284013
0 0.026341382646464725 0.7380668257756563 0.05268276529292945 0.12768496420047737
0 0.05268276529292945 0.6646778042959427 0.0670690811535882 0.116945107398568
0 0.06710261774095092 0.5155131264916468 0.07310529845741112 0.12887828162291176
0 0.13215962645993146 0.5566825775656324 0.07042253521126761 0.12529832935560864
0 0.2102951060038617 0.5352028639618138 0.07243460764587525 0.13723150357995229
0 0.1948692173385364 0.4797136038186157 0.0670690811535882 0.11694510739856806
0 0.20560027032311054 0.38484486873508356 0.056338028169014065 0.09904534606205251
0 0.17676056542706764 0.2786396181384248 0.06975184439973173 0.11575178997613364
0 0.026676728052232666 0.20465393794749404 0.05335345610446533 0.13245823389021483
0 0.10600268481003206 0.0662291169451074 0.07578806170355466 0.12052505966587111
