0 0.3239771985591937 0.9743436754176611 0.06908115358819583 0.051312649164677815
0 0.38199195375704753 0.9003579952267303 0.0643863179074447 0.11813842482100245
0 0.43799463652029363 0.8263723150357996 0.06908115358819589 0.11097852028639621
0 0.5305499685122453 0.7619331742243437 0.06908115358819583 0.1229116945107398
0 0.384674717003191 0.46539379474940334 0.07243460764587523 0.1288782816229117
0 0.21968477736536407 0.8210023866348448 0.07109322602280346 0.13365155131264916
0 0.2495305184787108 0.6640811455847255 0.07042253521126757 0.14200477326968974
0 0.27367538769400257 0.44212410501193317 0.06773977196512407 0.11575178997613367
0 0.2545606995652299 0.5190930787589498 0.07645875251509057 0.13365155131264916
0 0.08386988802934797 0.6605011933174225 0.07712944332662643 0.13245823389021483
0 0.16435278541365378 0.4301909307875895 0.07176391683433939 0.1300715990453461
0 0.22337357682881143 0.3168257756563246 0.07712944332662644 0.13007159904534604
0 0.04061033068528358 0.045346062052505964 0.07243460764587525 0.09069212410501193
0 0.20224681626543112 0.1473747016706444 0.07914151576123407 0.14200477326968974
0 0.45744467005483425 0.32577565632458233 0.07176391683433941 0.12410501193317425
0 0.5567069101621447 0.2798329355608592 0.0731052984574111 0.13007159904534607
0 0.5127766620065445 0.1873508353221957 0.06841046277665996 0.13365155131264916
0 0.5671026177409509 0.07935560859188545 0.07243460764587528 0.14200477326968974
0 0.6452380972848812 0.022673031026252982 0.06908115358819578 0.045346062052505964
0 0.6241113367215009 0.12171837708830549 0.07511737089201875 0.1288782816229117
0 0.6321596264599314 0.27386634844868735 0.06438631790744476 0.11336515513126488
0 0.9881120063889195 0.2607398568019093 0.02377598722216112 0.11097852028639621
0 0.9716800815062904 0.3609785202863962 0.056639836987419256 0.1300715990453461
0 0.9757042263755056 0.698090692124105 0.04859154724898873 0.14797136038186154
0 0.8578470845417557 0.6127684964200477 0.06773977196512404 0.1229116945107398
0 0.7401408471172084 0.5274463007159904 0.07511737089201886 0.1312649164677805
