0 0.2797116049978255 0.017303102625298328 0.07176391683433936 0.034606205250596656
0 0.9629611009563239 0.07040572792362769 0.07407779808735226 0.14081145584725538
0 0.8970824970166049 0.1062052505966587 0.07377598926894702 0.1312649164677804
0 0.6868209276001058 0.2356801909307876 0.06773977196512404 0.13484486873508356
0 0.7518779363190864 0.26730310262529833 0.06371562709590872 0.12410501193317425
0 0.8058685466477249 0.3711217183770883 0.07109322602280344 0.13842482100238662
0 0.9235747840722721 0.3192124105011933 0.06773977196512415 0.13961813842482104
0 0.9767102625928095 0.48866348448687347 0.04657947481438107 0.14439140811455847
0 0.9654929597932649 0.7571599045346062 0.06304493628437291 0.13007159904534604
0 0.7864185131131843 0.8156324582338903 0.08718980549966471 0.1587112171837709
0 0.6361837713291467 0.964200477326969 0.07914151576123407 0.0715990453460621
0 0.4081488954069469 0.9439140811455847 0.0818242790073776 0.11217183770883055
0 0.23578135684222523 0.9701670644391408 0.07377598926894702 0.059665871121718395
0 0.15194500540023997 0.9474940334128878 0.08048289738430583 0.1050119331742243
0 0.10432595778119236 0.8394988066825776 0.07645875251509054 0.13961813842482096
0 0.3772971180762963 0.21181384248210022 0.06170355466130112 0.10381861575178997
0 0.05167672907562563 0.20405727923627687 0.0744466800804829 0.12171837708830549
0 0.21130114222116553 0.2201670644391408 0.07310529845741112 0.12529832935560858
0 0.26227364389789254 0.6044152744630071 0.0784708249496982 0.13245823389021483
0 0.42256874785496834 0.7159904534606205 0.08517773306505699 0.13365155131264916
0 0.45308517977985097 0.6342482100238663 0.06170355466130112 0.10620525059665864
0 0.6720657297463164 0.7971360381861575 0.07042253521126762 0.12649164677804303
0 0.3427565412821984 0.3353221957040573 0.07578806170355468 0.11933174224343673
0 0.34610999533987785 0.3627684964200477 0.07310529845741115 0.13365155131264916
0 0.6438967156618094 0.8353221957040573 0.07176391683433936 0.13126491646778038
