0 0.7240442676403473 0.7649164677804297 0.06036217303822944 0.10978520286396176
0 0.7475184460441031 0.8663484486873508 0.07914151576123407 0.11694510739856812
0 0.8259892709938014 0.04355608591885442 0.07243460764587528 0.08711217183770883
0 0.7478537914498711 0.06026252983293556 0.06237424547283699 0.11097852028639618
0 0.5449698209602668 0.5894988066825776 0.057679409792085856 0.1288782816229117
0 0.4842723025162695 0.5906921241050119 0.07042253521126757 0.12649164677804303
0 0.4460429262587242 0.6485680190930787 0.06505700871898057 0.12052505966587113
0 0.018628438313802082 0.16646778042959426 0.037256876627604164 0.14200477326968974
0 0.04094567609105152 0.9164677804295942 0.07712944332662643 0.14797136038186165
0 0.16770623947133323 0.9451073985680192 0.0704225352112676 0.10978520286396176
0 0.3249832347764975 0.7446300715990453 0.05499664654594233 0.10023866348448685
0 0.5878940328985632 0.889618138424821 0.07243460764587528 0.12529832935560858
0 0.5590543280025203 0.7219570405727924 0.06841046277665996 0.1288782816229116
0 0.4450368900414204 0.522673031026253 0.06841046277665996 0.12649164677804298
0 0.8893695526839422 0.8514319809069213 0.07042253521126762 0.12768496420047726
0 0.7756874601286102 0.5375894988066826 0.06841046277665996 0.1300715990453461
0 0.9339704916510783 0.448090692124105 0.07377598926894702 0.13007159904534604
0 0.7746814239113065 0.1467780429594272 0.0663983903420523 0.11455847255369928
0 0.5761569436966854 0.12410501193317422 0.06237424547283699 0.1288782816229117
0 0.5865526512754915 0.05489260143198091 0.06975184439973181 0.10978520286396182
0 0.6432260248502735 0.2863961813842482 0.07444668008048294 0.12410501193317425
0 0.5567069101621447 0.3371121718377088 0.06237424547283699 0.1181384248210024
0 0.5010395728046666 0.30369928400954654 0.07176391683433941 0.13245823389021483
0 0.3548289758898443 0.17422434367541767 0.0677397719651241 0.12410501193317422
0 0.3487927585860213 0.2840095465393795 0.07042253521126762 0.12410501193317425
0 0.3769617726705284 0.4856801909307876 0.0731052984574111 0.13126491646778043
0 0.3001676747496699 0.6342482100238664 0.0643863179074447 0.12529832935560858
0 0.0399396398737477 0.763126491646778 0.07645875251509054 0.13961813842482096
0 0.050000002046785924 0.616945107398568 0.06572769953051644 0.12649164677804303
0 0.07313883504477386 0.48269689737470167 0.07578806170355468 0.13723150357995229
0 0.24584171901526344 0.3776849642004773 0.06706908115358817 0.13007159904534604
0 0.06576123611787915 0.11634844868735084 0.059691482226693494 0.10620525059665871
0 0.288430585547792 0.11575178997613365 0.0677397719651241 0.11933174224343676
0 0.4329644554337745 0.07696897374701671 0.06170355466130112 0.10859188544152745
